12.3 8
12.4 9
12.7 11
12.7 11
12.9 10
13.1 11
13.3 9
13.3 11
13.6 12
14.0 11
14.0 11
14.0 13
14.3 16
14.4 16
14.6 13
14.7 14
14.7 15
15.0 13
15.0 15
15.1 12
15.1 13
15.3 13
15.3 14
15.6 17
15.9 17
16.1 17
16.1 18
16.3 14
16.3 15
16.3 15
16.4 15
16.4 18
16.4 19
16.6 17
16.6 19
16.7 17
16.7 18
16.7 19
16.9 19
17.0 17
17.0 21
17.1 20
17.1 21
17.3 18
17.4 18
17.4 19
17.4 19
17.6 17
17.6 23
17.7 25
17.9 19
18.0 21
18.1 21
18.1 21
18.1 24
18.3 18
18.3 20
18.3 20
18.4 19
18.6 21
18.6 23
18.6 24
19.0 19
19.0 20
19.0 23
19.1 20
19.3 19
19.3 21
19.3 22
19.3 23
19.4 21
19.6 21
19.6 24
19.7 23
19.9 23
20.0 22
20.0 23
20.0 23
20.0 23
20.1 23
20.1 25
20.3 23
20.3 24
20.3 24
20.3 28
20.4 24
20.4 26
20.6 27
20.6 31
20.7 23
20.7 23
20.7 25
20.7 25
20.7 27
21.0 24
21.0 27
21.1 24
21.3 29
21.4 26
21.4 27
21.4 31
21.6 28
21.6 29
21.9 30
22.0 25
22.1 28
22.3 31
22.6 24
22.7 28
22.7 30
22.9 25
22.9 27
22.9 28
23.0 27
23.0 30
23.0 31
23.1 29
23.3 29
23.3 29
23.3 31
23.4 33
23.6 28
23.6 30
23.6 31
23.7 28
23.9 28
23.9 28
24.0 30
24.0 34
24.1 31
24.3 29
24.4 28
24.4 36
24.7 28
24.7 33
24.7 35
24.7 35
24.9 31
25.0 28
25.0 29
25.0 32
25.1 33
25.3 37
25.4 33
25.9 28
25.9 28
26.0 31
26.0 34
26.6 26
26.7 40
26.9 37
27.0 39
27.0 41
27.1 32
27.6 40
27.7 35
27.7 40
27.9 37
28.4 38
28.4 44
29.0 41
29.4 38
29.7 45
32.0 41
32.1 32
32.9 35
33.6 42
