0.883863752	0.235690815	0.174388443	0	54.48	-0.41
0.721776159	0.092804758	0.009147523	0	3.46	6.78
0.999124197	0.087156002	0.02791476	0.000282857	2.25	-1.97
0.654952077	0.110495291	0.001059718	0	2.02	2
0.893108498	0.062807742	0.01604947	0.000940122	8.57	2.14
0.733109172	0.912902247	0.135405355	0.01116706	11.04	3.46
0.98620434	0.212375833	0.006415376	0	6.7	-2.67
0.949948776	2.033626564	0.005154584	0.091620495	2.89	-3.99
0.427186717	0.596703255	0.004726224	0.000139565	2.88	11.51
0.602295083	0.235553299	0.005455015	0	2.16	6.42
0.641886378	0.095887779	0.009468755	0.006429163	14.69	2.26
0.32873855	2.66575626	0.005427026	0.014660637	2.5	13.76
0.967570577	0.188458276	0.102963619	0.023487393	8.83	-0.46
0.790611837	2.648490801	0.010701398	0.012990971	2.83	1.54
0.802636663	4.461952252	0.022871628	0.002498159	3.45	-0.21
0.597366942	0.137555515	0.009736484	0	4.69	7.75
0.602017522	0.060662105	0.020076219	0.000665816	4.62	9.26
0.291663598	0.0876193	0.083697396	0.004511914	1.67	16.77
0.655219948	0.230759405	0.002551445	0.017556034	2.44	9.82
1.125923723	0.108135109	0.097507481	0.002736674	5.45	-4.49
0.5285897	3.707186918	0	0	7.12	3.3
0.871165781	5.856003355	0.000236095	0.005003581	15.76	-0.19
0.63235187	0.257018196	0.076075786	0.009419428	2.13	4.58
0.738946173	0.296898196	0.009393654	0.003537972	3.4	4.5
0.435468387	0.097115008	0	0.000759286	5.68	4.48
1.058079782	0.192335782	0	0.000351682	15.75	-2.22
0.785308935	0	0	0	5.64	0.42
0.903653401	0.57616778	0.211893052	0	15.7	-1.12
0.613909564	0.062470231	0.166195373	0.00317077	12.51	2.3
0.760795743	4.368206518	0.170396555	0.01892817	2.59	-0.56
0.858757052	2.055765469	0.042884156	0.009186231	2.08	-0.03
0.543778842	2.415907638	0.081995322	0	29.13	6.33
0.847416457	0.12031028	0.01317625	0.007291125	19.56	2.29
1.240503548	2.055651515	0.003758011	0.001168565	2.98	-10.65
0.457373774	7.793204816	0.002460546	0	3.23	-1.38
0.743865778	0.93562574	0.021722025	0.018173591	4.39	5.68
0.360911585	0.533025222	0.000118746	0	5.72	2.78
0.487937154	3.055677554	0.001092957	1.05275E-05	5.26	4.5
0.934949207	1.102997089	0.006985118	0.005934009	58.78	-0.51
0.166820445	0.079813331	0.001171672	0.002479642	3.74	6.36
0.231060675	4.207663304	0.062531565	0.084583136	1.47	5.96
0.449928184	2.057635759	0.000706553	0.022361029	1.63	16.13
0.896478636	4.204494663	0.03946934	0.008354923	18.68	-0.69
0.527330507	2.813209968	0.000793597	0.011636004	3.2	1.59
0.835738489	0.521857449	0.146731055	0.041882079	15.3	-0.57
0.501879717	0.54711325	0.04439326	0.024670912	2.72	6.44
0.614565414	0	0	0	7.23	4.29
0.613872048	2.417109944	0.001062085	0.000238888	1.51	7.13
0.493440835	0.165581175	0.056707438	0.00167109	7.14	3.4
0.899905999	0.240119217	0.066554192	0.008524343	1.39	-1.35
0.888103753	1.942976078	0.013569116	0.010998246	1.92	-3.33
0.742243262	2.932755187	0.000562692	0	6.53	0.03
0.65736076	0.038758241	0.0322522	0.008405824	6.61	2.33
0.661285846	0.820262323	0.52885859	0.017712157	4.71	0.37
1.169962637	1.123105967	0.004934716	0	1.83	-5.36
0.674483857	0.07708334	0.000153591	0.000628762	5.14	8.08
0.642763408	0.083030926	0.033966092	0.006430781	5.35	4.69
0.672409622	0.124078079	0.000485291	0.017455421	10.17	2.64
1.016202511	0.037286113	0.000641383	0	3.9	-0.43
0.770522995	0.272383703	0.049690423	0.006133995	3.36	5
0.545791097	0.355136352	0.0056535	0.002980771	5.7	1.3
0.841343122	0.320611127	0.019567899	0.007307107	12.36	1.49
0.815520316	4.777380119	0	0.000367636	3.3	-0.17
0.404970294	0.219057318	0.103069096	0.006190335	2.03	12.79
0.745363401	0.078389505	0.046225163	0.000610858	7.94	1.78
1.007940737	4.331497775	1.31559E-05	0.001678781	2.71	-7.79
0.668158321	1.178279605	0	0.001229004	1.61	8.05
0.546148596	2.060388352	0.000587635	0	3.65	1.63
0.41449561	0.570045	0.004734283	0.006486701	10.39	6.73
0.896605344	0.055027083	0.002673862	0.008346743	5.53	1.02
0.78140529	2.097536732	0.024287946	0.00866664	11.32	4.98
0.987998449	0.071054125	0	0.021587701	11.38	-1
0.694799579	2.349103863	0.01603901	0.002334758	3.37	3.25
0.495136485	0	0.043380624	0	24.58	0.95
0.679099915	0.141045429	0.007956148	0.006001225	45.74	5.22
0.345280444	0.093970876	0.000456998	2.81727E-05	1.45	27.25
0.739048883	0.760139076	0.002584354	0.001692701	7.68	0.15
0.332916604	0.476727109	0.004646307	0.00571688	2.87	15.64
0.797438789	0.180718651	0.000461016	0.024119152	5.91	6.2
1.135416026	0.178938654	0.028711463	0.041335074	2.36	-2.37
0.271077452	0.519802547	0.000338711	0.00279519	19.57	5.71
0.958668373	0.332853069	0.009501582	0.038199731	3.92	-0.7
0.842025802	0.509439356	0.017336087	0.007213537	5.04	2.25
0.84349778	0.581616658	0.023086856	0.002105745	4.4	-0.51
0.743341012	3.268137617	0.016792862	0.000464585	2.92	-0.21
0.742842419	1.29584937	0.006591303	0.000192018	5.35	3.52
0.780239719	0.159111729	0.012139158	0.00649989	2.05	3.24
0.784820187	0.020821898	0.041848827	0	7.34	1.36
1.149378856	0.743589744	0.000114859	0.001395201	6.89	-2.51
0.746089414	0.236838879	0.001148241	0.005017988	3.94	0.8
1.213677559	3.557570293	0.005460348	0.010426535	2.21	-5.34
0.694247561	0.428782919	0.018412975	0	4.28	2.13
0.575525109	0.215172277	0.050583652	0.032262263	5.49	1.18
0.132360338	0.264118738	0.001470332	0	23.96	0.88
0.305675225	5.070664615	0.049885004	0.071495289	1.9	4.62
0.689401116	0.026291685	0.008729292	0.003935466	10.7	3.12
1.395030709	0.294993486	0.000871659	0	15.59	-0.38
0.756544848	0.937797568	0.075520074	0.028620792	2.66	-2.39
0.777382287	0.247325673	0.039704047	0.000449993	12.73	1.5
0.403127311	0.017545873	5.33666E-05	0.000998479	2.54	9.15
0.92821693	0.018721478	0.06293522	0.005778568	37.42	0.13
0.765440308	0.072286059	0.015297622	0.002631625	9.86	2.58
0.782176347	3.764013472	0.014789148	0.000281835	3.06	-1.52
0.774457997	0.451877471	0.045615907	0.008792014	5.71	2.76
0.783690111	0.382528725	0.021861131	0.004746495	3.02	1.03
0.65459332	1.764349605	0.000338167	0.003499164	2.73	7.11
0.592647582	0.749111516	0.000888244	0.006341865	19.44	2.91
0.982250697	0.167290054	0	0.017759965	8.22	-0.27
0.883621219	0.205912383	0.036146646	0.067624022	3.68	0.5
0.757644338	3.882199627	4.56808E-05	0.000447672	2.19	3.21
0.82266271	0.073737241	0.001947468	0.00144717	3.78	2.95
0.556530594	1.343941632	0	0.014232285	6.26	1.5
1.439059571	3.231726664	0.02452375	0.003968559	3.38	-25.82
0.653361543	1.272445627	0.005047213	0.01181965	7.11	1.77
0.819476894	0.884332178	0.003677405	0.000685603	4.46	4.18
0.654644358	0.95239569	0.002342475	0.017574324	2.07	3.17
0.996905138	0.926442389	0.079471349	0.000508088	4.95	-2.19
0.738392094	0.52828131	0.035537243	0.036182962	3.22	3.75
0.300408505	0.467011037	0.002766013	0	1.78	8.98
0.793994275	0.48769255	0.072007974	0.000255192	10.35	0.54
0.537961041	0.564019394	0.000799723	0.001394587	4.29	5.05
0.8330484	0.71340738	0.005025267	0.008845917	12.5	5.19
0.801040825	0.127401267	0.001313935	0.01593805	5.92	7.41
0.116471807	2.28288431	0.004146425	0	2.26	10.88
1.283978621	0.368946302	0.003324423	0.048301866	10.11	-6.12
0.779459017	2.179703043	0.004174219	0.002078813	4.57	1.13
0.654222588	2.131612741	0.049485232	0.002051453	1.85	1.88
0.581423072	1.593765749	0.098143563	0.031238933	6.44	7.09
1.021244086	0.159064672	0.001929209	0.00604278	7.02	-1.55
0.595945645	0.042099193	0.005144637	0	2.67	0.65
0.926992054	3.715755082	0.000181617	0.011419501	3.79	-0.82
0.409001315	0.078365789	0.000465602	3.42278E-05	1.97	8.5
0.972486892	0.971249197	0.000951002	0.008756925	23.71	-0.85
0.664427841	0.302295961	0.075424904	0.009560664	2.05	3.71
0.9865866	0.037890879	0.107749706	0.003825315	15.66	-0.18
0.902785428	1.037904694	0.023777414	0	28.62	1.85
0.726372403	0.212551281	0.065308339	0.003779121	14.6	3.41
0.778721798	0.906052894	0.001725504	0	1.59	7.13
0.745325832	0.080082569	0.061324917	0.016771761	5.28	3.9
0.790666298	1.301782838	0.001785307	0.002281081	9.6	4.4
0.746609033	0.359243645	0.000778053	0.00039561	2.86	3.98
0.755759214	0.132391733	0.01774392	0	9.02	4.13
0.497981371	1.525989191	0.013905899	0.002735867	4.06	7.8
0.669720428	0.3720795	0.008587762	0.004697137	9.33	3.59
0.599364188	1.864010866	0.01612713	0.032296229	6.93	4.8
0.792107254	0.693218823	0.046089637	0.066153711	5.93	1.38
0.94378216	0.701416296	0.000346429	0.010610274	3.76	-1.08
0.152508861	2.838636903	0.039553018	0.002120872	6.96	1.58
0.47930583	0.089144119	0.001342703	0	2.07	4.95
0.826583044	0.222315105	0.055662734	7.20244E-05	31.75	1.59
0.708332932	0.634785709	0.015941454	0.01032024	3.02	2.07
0.699696652	1.752845843	0.073341892	2.75213E-05	6.16	2
0.808731261	2.031360417	0.044482427	0.005813851	4.98	3.69
0.729812764	2.127557492	0.017994562	0.003771241	10.44	2.35
0.464548812	0.641141811	0.000360795	0.00287396	2.85	6.36
0.98109688	0.034562582	0	0	5.16	-0.08
0.695862845	0.464617242	0.002843283	0	10.74	5.09
0.546754738	0.123165624	0.008821327	0	1.94	11.51
0.943367772	0.826231796	0	0.001219373	4.2	-0.32
0.431896096	0.13433829	0.144373039	0.007287507	1.69	7.68
0.671459486	0.40586948	0.019025045	0.010880937	6.36	5.85
0.797967116	1.262942554	0.001688762	0.001636839	3.07	1.37
0.114994156	0.170504117	0.000378906	0.003497996	5.22	6.17
0.482881132	0.086802867	0	0.000649309	6.01	3.91
0.96899394	0.176937413	0.004992237	0.002958663	4.27	-0.16
0.015425295	0.644842991	0.018924834	0.018138088	4.52	6.73
0.976222034	0.541225118	0.012221699	0.006166143	7.63	-0.69
1.708591413	9.450157757	0.000408174	0.041434348	5.31	-9.59
1.508601118	0.147736855	0.000275327	0	1.28	-4.67
0.922316903	1.015499251	0.01940606	0.002419287	6.5	-1.11
0.938606144	0.129735342	0.140008119	0.020987828	23.59	-4.22
0.308504459	0.167555619	0.026561901	0	3.11	2.68
0.811686208	3.558926064	0.023896628	0.033502392	11.29	-0.16
0.834915305	1.220801292	0.001312673	0.003343627	1.69	0.61
0.703088782	1.847482858	0.009494187	0.010389578	2.1	3.86
0.739220756	0.322675753	0.005172596	0.025456052	4.86	3.13
0.723893037	0.734722846	0.000573637	0.001157692	7.17	2.95
0.299889172	0.019055552	0.001184677	0.000686723	2.21	13.36
0.507030952	0.205225474	0.005008138	0	3.15	8.89
0.926723119	0.022004614	0.001040768	0	3.14	3.34
0.718428456	0.1957383	0.082671493	0.008480423	4.62	4.11
0.35492415	0.069263523	0.538062248	0.000226417	34.12	0.65
0.844097313	0.52745935	0.030907204	0.008427973	3.45	1.79
0.883448614	0.24676227	0.006580533	0	5.58	-4.98
0.770551386	0.218471651	0.007571019	0.043668232	6.71	0.92
0.556180434	1.498015888	0.048093011	0.005198947	6.45	3.63
0.962232352	0.004674747	0.008794371	0	8.49	-0.51
0.191705296	0.729182388	0.007299706	0	10.45	0.86
0.503467654	0.356736457	0.091436284	0.027843438	1.88	11.18
0.752380021	0.877665384	0.016314329	0.003102947	5.91	3.53
0.630042635	2.741463104	0.000550657	0.003455317	3.98	3.83
0.8511214	1.217159011	0.002939364	0.009369779	4.42	0.98
0.852028545	0.562562222	0.002349138	0.008693232	2.74	0.12
0.554800816	1.422486965	0.001848642	0.003058075	6.21	2.51
0.577355275	0.985727219	0	0	8.94	0.55
0.439980012	0	0.025633231	0	16.07	1.59
0.999735428	1.731624	0.237711856	6.5685E-05	3.55	-2.6
0.721168168	0.421830373	0.009695533	0.001030869	8.75	4.18
0.568916729	0.184241456	0.009760188	6.64395E-05	10.03	1.87
0.970779346	1.596748977	0.004468086	0.001655063	5.87	-1.23
0.803449249	1.178731534	0.017120776	0	4.86	0.76
0.369979559	0.585959793	0.005220337	0.00235225	3.35	9.91
0.420221154	0.012870614	0.001229747	0	2.54	1.48
1.042934287	0.1612865	0	0.000673362	6.14	-5.33
0.765795474	0.37903205	0.00362647	0.03270578	7.98	6.33
-0.886447112	-0.101856982	0.000113223	0.001535821	7.81	-12.77
0.901114406	2.331772211	0.163294962	0.086119431	11.39	-1.11
1.014209098	0.100352855	0.003159739	0.005569232	4.75	-0.69
0.748024942	0.145782205	0.000903428	0.000130275	11.35	2.34
0.779309012	0.732159548	0.016374198	0.013010264	2	0.27
0.883120744	2.214184953	0	0.000265269	1.48	-0.57
0.777202436	0.353503334	0.006266606	0.040389541	12.1	6.56
0.900524383	1.768389198	0.016395812	0.051462798	12.36	-1.12
0.83653852	1.451036405	0.001798484	0.027378742	2.36	0.81
0.295343797	3.978464206	0.002039948	0.01192894	8.54	2.78
0.668419215	0.784772514	0	0	2.48	3.51
0.494463771	0.810282489	0.003028314	0.002429829	8.09	1.12
0.740934933	0.192410033	0.000683768	0.006919362	3.68	0.84
0.564728093	0.110335636	0.010348443	0.001507299	1.56	6.47
0.746727596	0.547375035	1.82217E-06	0.000185341	3.16	4.21
0.43393553	0.086344315	0.003970772	0	6.33	0.85
0.746814814	0.331206463	0.004853126	0	13.04	1.63
0.66178062	0.306100556	0.001829801	0.00018996	2.98	4.38
0.385357461	0.478658747	0	0.001266497	8.26	3.02
0.749459112	1.242827613	0	0.00432936	5.79	1.02
0	-0.122755228	0.000930699	0	5.44	-1.02
0.624255844	0.846021545	0.041219546	0.037157988	2.31	0.92
0.824853871	1.674096273	0.000179461	0.007761151	2.41	0.8
0.872839841	1.763399068	0.003249659	0	5.15	0.98
0.744078465	0.026829059	0.001602172	0	9.84	1.9
0.432539464	1.949654386	0.006547109	0.002605343	1.53	18.3
0.634957857	0.021882312	0.068762604	0.006092552	5.97	6.13
0.526964985	0.550928971	0.005474788	0	2.21	5.09
0.680145473	0.085146727	0.010653275	0	2.14	0.65
0.600205342	2.092947067	0.010393498	0.012188218	8.98	2.72
0.887855483	0.425749142	0.044219455	0.001842019	16.2	0.73
0.591013505	3.397736698	0.000453804	0.010482853	3.29	3.19
0.598465638	1.037295166	0.001818627	0.000165158	1.5	6.33
1.025441622	0.229652526	3.23444E-05	0.000909548	24.4	-2.02
0.886437337	4.875796455	0.013973487	0.000351738	2.64	-5.42
0.437098117	0.040567331	0.051403184	0	9.85	2.37
0.861056583	0.074240412	0.042896224	0	2.47	0.42
0.716238001	0.050208722	6.03101E-07	0	58.27	1
0.966284504	0.16910472	0.004939762	0.027603864	34.97	-0.06
0.382419884	0.507156931	0.002466352	0.002627422	5.52	7.7
0.40464135	0.677449602	0	0	9.88	0.86
0.38265694	1.4495289	0.018797347	0.023993288	1.74	11.89
0.653755917	0.097846186	0.00066944	0.00038325	11.61	2.14
0.915348636	0.416761592	0.020515148	0.000268819	6.47	0.16
0.884179545	1.213301006	0.09833631	0.002869983	2.85	-1.15
0.378533157	4.107551253	0.000302355	0	7.76	4.83
1.217437701	3.016323143	0.009131388	0.000359647	35.26	-4.4
0.951589442	0.715829043	0.009373322	0	3.51	-1.72
0.552754885	0.147624317	8.68562E-05	0	7.33	7.63
1.94543647	7.355194609	0.005697209	0.00544969	10.72	-24.29
0.580863297	0.491808081	0.022521888	0	28.87	1.66
0.932533727	0.448326476	0.0210427	0.14045195	3.35	-0.03
0.60089684	1.120076556	0.00073123	0.000222461	3.03	6.08
0.956705077	0.065895417	0.052777092	0.002120452	9.81	-0.02
0.660633781	0.191583755	0.022431231	0.000350877	2.94	1.07
0.621191622	3.574150893	0.001560842	0.007855895	3.64	-0.32
0.573980118	0.266358564	0.014077321	0.000719351	2.81	2.31
0.947632532	0.381698925	0.146830715	0.003183054	23.84	1.43
1.022879291	1.273780113	0.061822153	0	17.11	-3.17
0.305592639	0.130696914	0.035961351	0.005307025	1.51	16.56
0.434042674	0.112411939	0.183398773	0.00999019	1.58	10.18
0.647515383	0.385542763	0.00246148	0.000644603	7.16	7.98
0.560551225	0.329530025	0.119927492	0.028465546	5.32	3.84
0.608580146	2.827115244	0.000821969	0.054896743	1.53	1.47
0.652214502	5.403210894	0.001348842	0	5.71	-2.93
0.821838043	0.16824121	0.000749439	0.009147664	4.02	4.74
0.960960154	6.526876351	0.000707248	0.004410026	20.18	-1.11
0.755644225	0.671298655	0.001427423	0.019038235	8.75	0.33
0.6576767	2.450075157	0.000264311	0.018684553	5.28	3.6
1.003192139	0.039217144	0.01859822	0.001962699	9.96	-1.37
0.595014418	0.546852234	0.020214014	0.001511241	48.68	2.55
0.736589593	0.290991837	0.189487394	0.007468526	15.22	0.07
1.449421251	2.418906415	0.000695027	0.160775938	1.69	-6.94
1.380518519	0.237555556	0.017234039	9.86531E-05	18.53	-2.56
0.932249521	0.070320643	0	0	8.5	1.5
0.700561497	0.420938053	0	0.000111748	1.95	7.83
0.795667338	0.071643642	0.078742646	0.03282518	4.93	2.42
0.566555956	1.228798417	0.000533425	0.001370792	9.22	7.24
0.86656696	4.152844456	0.028299517	0.018323731	3.34	-1.14
0.835372888	0.176646981	0.011505286	0.000152686	26.56	1.11
0.54482923	1.466157161	0.054988348	0.012369375	7.37	5.01
0.910722213	2.477525286	0	0.001151906	1.76	-1.63
1.031759695	0.451331974	0.006706663	0.008778876	5.16	-2.66
1.191537536	0.056628694	0.090944098	0.0019172	2.41	-0.65
1.410870361	4.221353624	0.000396242	0.001315795	2.47	-15.27
0.215743764	1.870796506	0.057478262	0.019154297	5.12	1.49
0.358474707	0.14898713	0.058305928	0	4.53	2.98
0.600674233	0.420701766	0.002321064	0.007368138	4.58	8.93
0.407079139	0.175974758	0.111779519	0.04261436	6.29	4.95
0.510120821	0.077020493	0.001178794	0.00619127	12.46	2.45
0.680685613	1.553334569	0.0064315	0.017922159	5.17	7.03
0.648236466	0.210851153	0.069219892	0.072192627	2.3	6.38
0.904970477	0.968627416	0.019973925	0.045497658	2.13	-0.92
0.739876785	1.25441947	0.009348688	0.025829904	4.25	2.6
0.552320909	0.14621606	0.011267019	0	2.04	10.6
0.727192857	2.747034286	0.001567552	0.014236563	7.18	1.33
0.728555082	1.784837988	0.001654077	0.020433622	4.13	1.34
1.024398597	0.381885896	2.36586E-05	0.003783231	1.84	-3.52
0.686491028	0.520923718	0.012937354	0.089327164	5.86	2.95
0.392739924	3.162649026	0.008041979	0.027748812	26.08	3.89
0.436345492	2.072943026	0.007457307	0.007780464	1.56	12.9
0.762127458	0.911011291	0.105550786	0	12.59	0.83
0.613204245	0.058889639	0.060178552	0.017846076	3.53	7.51
0.468729243	0	0	0	12.51	6.54
0.750269183	0.257804593	0.04812366	0	7.7	1.47
0.918331346	0.681147668	0.00229685	0	1.56	-0.21
0.42520885	0.068184151	5.96692E-05	0	1.49	3.92
0.593928051	0.612083708	0.006936831	0.000655482	7.34	1.77
1.452778833	2.478917426	0.000611782	0.161452574	1.95	-8.37
0.937516615	0.139628673	0.005261549	0.004482349	3.54	-1.09
1.752193546	6.62759279	0.036668461	0	3.07	-39.19
0.91151108	0.116730505	0	0	6.83	-0.47
0.61917211	1.373052391	0.001051758	0.01155344	2.14	4.46
1.524633918	0.160282767	0.004210758	0.007020981	3.91	-2.98
0.803255694	0.331093101	0.072834935	0.004157074	11.61	3.85
0.829475239	0.749147431	8.69641E-05	0.001469672	2.01	3.24
1.116294776	2.537880297	0.002031185	0	8.14	-4.24
0.450502233	0.746842052	0.000437349	0.004659057	3.14	6.81
0.565965084	0.083258215	0.004293126	0.000123249	1.62	4.3
0.583031772	0.475649513	0	0.001785536	20.01	5.18
0.954592589	0.087028493	0.049046176	0.022926158	6.69	-0.86
1.351181441	0.749638961	0.054439901	0.003298941	13.4	-10.28
0.86740128	0.230244881	0.047895425	0	4.78	-0.02
0.736309613	8.477602078	0.029938509	0.091289618	3.62	2.73
0.438619863	0.283448264	0	6.25175E-05	9.84	4.35
0.746541064	0.491140502	0.020509141	0	4.59	2.6
0.762814444	0.082279117	0.001012969	0.001739778	3.16	3.74
0.557331111	1.064667969	0.012357471	0.015187878	2.53	10.85
0.801501681	0.552374781	0.002189754	0.000305817	3.52	3.01
0.315238909	0.024449056	0.000662783	0	6.6	5.12
0.886676232	0.526851071	0.001433047	0.000171398	47.81	0.33
0.864323775	0.827732775	0.036023009	0	4.79	-0.29
0.509097076	2.012320465	0.007644762	0.007306809	1.6	20.99
0.434761177	0.224407882	0.047780981	0.049064279	2.3	16.65
1.011327782	0.094350738	0.003624983	0	5.67	-2.7
0.530651088	1.458207892	0.113176156	0.013043225	4.15	7.17
0.70925733	4.257929539	0.00506615	0.003541722	15.18	0.96
0.410341644	0.162073822	0.037138294	0.001347987	20.32	5.03
0.751082651	1.581824447	0.007021556	0.009521643	2.33	3.68
0.847301721	0.16811834	0.015851237	0.00505221	25.51	1.02
0.780810919	0.170357201	0.0559546	0.005669888	2.81	0.7
0.452374659	0.112878422	0.044692674	0.011293493	3.78	8.46
0.845950707	1.687240968	0.003181499	0.008130746	2.85	-0.31
0.77714961	0.090588049	0.024397224	0.00032665	10.44	2.97
0.73090197	0.730365723	0.009965694	0.086400315	6.47	2.85
0.565349274	5.833743705	0	1.33933E-05	2.15	0.2
1.124415952	1.176421487	0.000517199	0.000403656	1.74	-4.88
0.774311768	0.040927775	0.018103149	0	4.81	1.02
0.813176396	1.088925687	0.337836239	0.075853158	22.01	-0.79
0.46637604	0	0	0	8.01	6.25
0.783193383	0.705071322	0.118171394	0.018248628	4.41	-0.86
0.666893018	0.055452908	0.002136791	0.002812794	10.75	3.99
0.69993836	0.371493648	0.068948824	0.001472372	5.2	3.42
0.729976675	3.359330574	0.043424113	0	1.58	-0.48
0.614005815	1.351884376	0.022941786	0.001129074	1.51	9.02
1.083216007	0.507968583	0.000803957	0.002844372	4.31	-5.97
1.528461382	1.588282629	0.00697671	0.001479215	2.4	-10.2
0.82093617	0.665100709	0.025181981	0	9.63	-0.33
0.439046494	1.780603012	0.000860111	0.013404238	2.33	2.22
0.519905058	0.645452486	0.01741065	0.019410903	7.08	6.67
0.583507717	1.341915852	4.15125E-05	0.007365141	3.28	5.67
0.334264694	0.417308337	0.004311529	0.004954957	6.13	9.95
1.658622962	0.709114168	0.088932113	0.003869274	2.03	-16.72
0.903550084	1.015107976	5.84116E-05	0.047633191	6.58	-3.68
0.373006853	0.185266589	0.480064498	0	3.38	2.82
0.911622815	0.219517324	0	0.016129715	2.87	-0.59
1.311195777	2.459704125	0.008334613	0.003350261	5.68	-18.08
0	0	0.00105674	0	2.05	-0.01
1.110813447	3.293334158	0.002290382	0.00324476	3.96	-2.85
0.785203773	0.348912171	0.101232777	0.001689395	24.59	3.87
0.660328991	0.366281033	0.033871729	0.026254167	14.37	2.94
0.882770307	0.574964807	0.004037438	0.002058404	5.7	1.12
0.627258772	0.832423398	0	0.006298481	6.77	4.96
0.699979866	0.448150444	0.044190101	0.017275249	5.24	6.3
0.582832543	0.437161423	0.001354728	0.019649444	5.95	2.29
0.76022751	0.391420045	0.09962421	0.001530084	31.17	3.01
1.045619355	0.355683113	0.017994554	0.011204323	19.52	-4.27
0.995980627	2.073967954	0.000306569	0.00023221	7.73	-1.15
0.877031472	0.02424353	0.036338668	0	11.54	3.35
0.877407038	0.087030846	0.000437738	0.000922377	4.48	0.84
0.554170933	0.127971642	0.006663618	0	6.35	0.98
0.869236407	1.365911857	0.000344408	0.026060403	18.59	1.8
0.742306462	0.462969846	0.049449878	0	8.63	0.63
0.559901804	0.666821826	0	0.007311091	12.98	2.96
0.655241843	0.231409898	0.000335237	0	4.59	3.93
0.69792846	0.623308419	0.001765405	0.014193373	2.92	7.77
0.296266952	0.399379892	0.002973016	0.008368274	2.76	18.8
1.487169051	0.098894031	0	0.000250754	1.81	-7.1
0.666829965	0.03016748	0.00899671	0	3.55	1.62
0.952262312	0.261119165	0.002979332	0	6.15	-0.29
0.428821807	0.437612303	0.022522272	0.051139782	2.81	11.01
0.790035219	0.326721361	0.067128528	0	4.47	2.73
0.610031638	0.942450365	0.004205792	0.029590351	3.55	2.31
0.853995551	0.088971826	0.005100289	0	43.25	0.45
0.691548111	0.329481088	0.14648064	0.004012895	13.38	3.14
1.25568886	0.031852599	0.023569919	0.001967211	1.6	-6.06
0.678225817	2.106696584	0.008683726	0.009101499	8.82	1.4
0.408482552	0.55754342	0.010804936	0.011129568	1.74	13.48
0.575159886	0.851657341	0.00263998	0.008861671	13.14	4.23
1.072439905	0.619277904	0.086264613	0.04209543	33.63	-1.84
1.190515482	0.182884403	0.023654727	0.008960034	8.13	-10.92
0.658847302	1.719032021	0.012314682	0.004872837	3.14	3.72
1.391605486	0.055982003	0	0.000145073	3.43	-4.97
0.591674809	2.557405776	0.001150675	0.002662507	3.52	4.75
0.847630014	0.170758489	0.097659922	0.004379369	2.85	-1.11
0.65805346	0.024263444	0.000315558	0	4.66	3.66
0.888308326	0.073654571	0.102917743	0.011798507	55.42	0.23
0.349542487	0.779139705	0	0.002960272	3.67	2.66
0.547703649	0.236694191	0.008481002	0.000394991	2.84	7.22
1.00170615	0.114288715	0.011189886	0.000537123	24.88	-2.58
0.880802954	0.02808072	0.005255921	0	4.68	2.49
1.025689639	0	0	0	4.08	-0.85
0.870106806	0.404699043	0.16054558	0.000659128	23.43	-0.33
1.624002703	0.543151009	0.0139927	0.003725133	1.86	-12.08
0.403188971	1.702893104	0.001413981	0.003159449	2.59	3.92
0.711700119	0.859404359	0	0.007389451	6.49	2.88
0.351285703	3.914023649	0	0.001097817	2.41	3.03
0.731500624	0.582761154	0.185157246	0.01013891	3.75	2.53
0.632880286	0.693317333	0.006046589	0.001095003	6.59	1.48
0.446025169	2.03277616	0.013277529	0	77.01	0.83
0.883092528	0.408980748	0.005562361	0.003631885	29.97	5.31
0.313673032	0.049686827	0.539040234	2.56759E-05	33.95	0.42
0.996857205	0.339651774	0.008757283	0.022693433	10.08	-4.07
0.496755028	1.61057636	0.00178854	0.018919346	3	3.87
1.033713416	0.129955006	0.012837205	0	5.99	-6.79
1.259998695	0.78437294	0.007588234	0.000650961	5.98	-9.68
0.672213243	0.577925502	0.003904883	0.01481841	5.34	2.71
0.418180768	0.111313414	0.000294726	0.000441357	6.09	5.12
0.669751408	0.288362617	0.028712025	0.010701606	5.98	1.6
0.970968988	1.279793549	0.051619155	0.03595098	3.54	-2.09
0.723319816	1.196656811	0.016703088	0.025129635	3.95	0.12
0.257263137	0.22175015	0.031690848	0	2.78	4.73
0.661503667	0.685823504	0.017822245	0.000163074	3.21	2.39
0.976024812	0.220879734	0.035437894	0.001110589	9.48	-2.96
0.784516211	0.365651212	0.0078808	0.003466486	3.09	3.32
0.584611566	0.361533428	0.032331822	0.000316705	3.79	3.73
0.714227319	1.507494971	0.009111423	0.018013162	15.37	4.71
0.527837627	0.331665458	0.001148975	0.01554038	1.47	16.55
0.687257159	0.04461236	0.005545337	0.001523186	19.9	2.07
0.363376888	0.330293633	0.105580194	0.001334976	4.55	9.13
0.711852364	0.122262934	0.005902632	0	5.57	7.24
1.051954027	0.123773604	0.023775902	0.018482152	4.33	-3.76
0.73655025	0.293126445	0.0021471	0	16.63	1.94
0.738053516	1.600774946	0.084684981	0.0052137	4.03	3.53
1.044905031	0.445346807	0.005827997	0.008973242	5.24	-0.73
1.021670957	1.426204063	0.002606673	0.015188108	1.82	-5.01
0.728767401	0.608482896	0.006212258	0.007848291	4.53	1.01
0.738856848	1.754266948	0.004799687	0.019614591	6.49	4.6
0.638382345	0.074249572	0.000295225	0.004529556	19.86	2.62
0.613105824	2.938656609	0	0	4.03	0.73
0.569213124	0.131433832	0.033206342	0.000854983	4.81	5.09
0.870711577	0.382130033	0.054046724	0.029297013	6.07	4.37
0.788262526	1.145325708	0.002161615	0.001184018	9.65	0.13
0.98023135	0.013850771	0.000946741	0.003060013	1.7	-1.63
0.519978456	1.649577656	0.028311826	0.006246646	7.42	13.82
0.976729253	1.132315652	0.008544589	0.00294226	13.67	-3.16
0.751310614	0.45047763	0.009329551	0.002678603	2.68	1.46
0.861525559	3.352771363	3.06991E-05	0	2.26	-1.6
0.501856982	0.05112958	0.007172894	0.001097836	12.61	3.25
0.702204826	0.319100266	0.127076957	0.077621657	13.38	5.88
0.776479703	0.038538693	0.243089744	0.000554563	7.21	9.13
1.706345519	6.023281724	0.019901383	0.000378685	3.4	-11.68
0.633742519	0.358969875	0.000109366	0.003840819	1.85	9.94
0.590320108	0.125617722	0.003822849	0.002549065	5.12	5.79
1.134780723	0.805022487	0.163457956	0.002268611	3.4	-10.2
0.984368807	0.17448536	0	0.036688321	13.69	-0.4
0.677288973	1.190850059	0.180336108	0.147667004	9.53	-0.08
0.714129963	0.771738674	0.00593701	0	15.12	0.68
0.110222192	3.832914921	0.050706365	0.00180892	6.81	1.89
0.473563073	1.650837879	0.005499519	0	5.39	1.11
0.657261969	6.336598098	0.119785248	0.016504694	3.86	2.9
0.778170388	0.725579546	0.00063717	0.00031406	12.41	0.15
0.841525638	0.154574969	0.070539983	0.041728926	27.13	3.34
0.91145306	0.141968418	0.000187334	0.007445061	46.35	2.08
0.782347673	0.19245577	0.002099196	0.000391234	38.8	1.29
0.732775519	0.049545073	0.085689388	0.014575312	12.46	4.97
0.459566862	4.388878663	0.000397037	0.000379534	2.39	3.96
0.910275823	0.229760253	0.014712496	0.003433808	23.19	0.6
0.720842753	1.497589845	0.011001474	0.037325679	5.55	4.59
0.988650263	0.071149004	0.066577693	0.007618485	13.86	-1.04
0.765247894	1.028151197	0.018859335	0.020808058	4.67	4.94
0.746661018	0.40300329	0.034711645	0.000577912	5.58	2.63
0.725147616	4.255031521	0.004491985	0.000139701	5.23	-17.79
0.722871597	0.359646382	0.001019932	0	8.25	-3
0.538050175	0.157903713	0.028316454	0.006209705	3.4	6.78
0.327609852	0.029281317	0.000147751	4.74127E-05	5.9	4.77
0.72571237	0.308806463	0.000590158	0.000367231	3.34	5
0.719388465	1.084553949	0.002595809	0.00445734	1.87	6.26
0.482759171	0.706326465	0.074647649	0.017824584	4.11	14.64
0.629387422	3.091860682	0.141239077	0.013773454	6.06	-0.52
0.953203981	3.627819938	0.003091593	0.007344489	1.2	-15.12
0.37669332	1.213691149	0.006405641	0.000272011	2.28	14.27
0.485047815	1.319927331	0.001840125	0.003376277	8.69	3.42
0.761642299	0.490261464	0.006748232	0.006026014	5.73	3.46
0.586545558	0.599355262	0.52176608	0.017468179	4.49	4.01
0.8183248	0.082772728	0.010400796	0.002922453	40.24	0.73
0.787410825	1.832334312	0.01297023	0.009548679	3.72	1.09
0.489462369	0	0	0	7	5.68
0.857441573	0.153718143	0.067849871	0.006325033	2.81	2.6
0.850501553	3.761453608	0.002244023	0.004065315	5.48	-0.7
0.616959434	0.526207931	0.003310937	0	20.08	1.46
0.860507715	0.518148351	0.000143541	0.000555869	1.83	2.73
0.480743572	3.503630528	0.005660713	0.000171385	3.61	3.22
0.947186665	0.260486145	0.007195939	0.007295437	2.36	-1.78
0.740598429	0.698073057	0.002629233	0.015921987	8.91	2.76
0.772652096	0.016456426	0.051665157	0.002347003	14.98	4.39
0.769581461	0.23977848	0.078313777	0.001192703	13.78	3.26
0.426108993	0.616789571	0.018277689	0.000576182	13.71	1.18
0.511220805	1.027163989	0.075283106	0.028278453	19.75	6.01
0.996924283	0.048020751	0.008042169	0.007184639	9.88	-4.87
0.769395988	1.494739566	0.008034647	7.58528E-05	4.59	4.4
0.885888526	0.453635859	0.037102862	0.010495472	6.79	0.23
1.153762473	0.922967673	0.063281952	0.000220867	3.03	-3.3
0.500674624	0.262829384	0.001960287	0.025054077	1.99	3.95
0.376591239	1.014213278	4.35993E-05	0.000318598	1.8	10.23
0.543536653	0.594340787	0.000169515	0.001044948	3.04	6.92
0.928183836	0.320997533	0.198532277	0.002002046	19.2	2.14
0.861558364	0.791922848	0.001583876	0.000680829	2.44	-0.18
0.999978216	0.036889189	0.187531983	9.83576E-05	13.39	-0.83
0	7.596360685	0	0.000428157	4.62	7.07
1.232952495	0.845315883	0.010647815	0.000266892	2.19	-8.69
0.770921676	0.860981787	0.002644269	0.018929582	4.05	0.32
0.78492848	0	0.760184601	0	2.54	-1.81
0.722234158	0.402421645	0.010276801	0	9.36	1.93
0.358841687	0.037687998	0.003405713	0	5.44	2.45
0.665570804	0.100403777	0	0	17.66	1.49
0.668052442	0.932315324	0.084783196	0.024912367	14.04	2.03
0.78079278	0.6051376	0.03205994	0.006849084	6.51	2.97
0.56272432	0.837319291	0.000147675	0.002416274	1.64	17.93
0.342929882	0.36891765	0.099244034	1.87888E-05	8.76	-0.45
0.772336366	1.62721749	0.032868476	0.01717835	15	0.32
0.427450185	1.204943293	0.008580978	0.005666397	7.1	2.99
1.19610424	0.071187237	0.001141611	0.000698866	23.78	-2.99
0.729250144	3.116045833	0.023374186	0.013639666	2.58	2.38
0.638935018	1.253141065	0.000159926	0	4.54	4.32
0.929954838	0.322289249	0.181516434	0.002500313	19.44	1.98
0.946767251	0.446017728	0.067766756	0.004879488	15.16	-0.91
0.596628683	0.644623308	0.066869502	0.032341058	5.35	4.11
0.443337758	0.146079659	0.015216281	0.037921629	2.09	11.02
1.069726701	0.089577333	0.188817062	0	5.85	-2.35
0.412404498	3.94774582	0.000261819	0.005207485	1.55	12.72
0.783632113	0.400534608	0.006611421	0.001766204	5.47	2.36
0.921252488	0.666687597	0.211711576	0	23.88	-2.24
0.762478362	0.581173349	0.117705756	0.005730961	8.78	5.91
1.738445503	4.561858308	0.000292437	0	1.83	-16.3
0.64251287	0.301270744	0.009680697	0.036574908	7.31	2.18
0.67072878	0.433082022	0.080343393	0.011477312	6.77	7.26
0.847408868	1.336379606	0.007825952	0.001605414	3.94	2.12
0.711916356	3.250768883	0.076927238	0.007756941	7.95	-0.71
0.834566666	0.148135565	0.011659022	0.008186117	24.61	2.47
1.023070887	0.164261655	0.00559559	0	5.07	-5.29
0.631545587	1.943183293	0.017049857	0.001634096	2.9	3.5
1.200718728	0.054988817	0.009117659	0.003031658	3.63	-4.41
1.720462778	1.009509707	0.131765092	0	4.58	-10.73
0.649194673	0.023755813	0.172946423	0.008891567	14.64	8.03
0.850131185	0.864919609	0.001143577	0.043664326	7.56	-0.73
0.668738662	0.283939444	0.032262497	0.000462509	3.21	2.86
1.380604184	0.007847749	0.000451979	0	3.69	-2.68
0.623383735	0.376376779	0.037297553	0.000683056	3.06	5.25
0.516594132	0.500869632	0.039873677	0.004235541	3.99	9.31
0.756180958	0.118944006	0.013344616	0.013415387	3.33	4.55
0.801791576	0.11360391	0.359690898	0	13.85	0.79
0.354990425	0.567801159	0.000142356	0.00085042	2.58	13.17
0.515285429	1.74457161	0.028941249	0.009038619	4.6	12.73
0.523909959	1.589440727	0.005833369	0.013566772	3.4	14.99
0.686746123	7.403133486	9.01496E-05	0.001985735	3.26	-0.27
0.55926982	0.842453556	0.000171459	0	6.01	6.14
1.081844364	0.361507367	0.050171117	0.075284569	15.54	-5
0.994866003	4.502340761	0.00160543	0.001361117	2	-2.11
0.706825368	0.245524329	0.019651222	0.028135813	2.57	5.62
0.796412536	0.220635267	0.174237344	0.020040064	11.01	3.97
0.990834266	0.032681281	0	0	2.4	-0.18
0.562608561	0.681616787	0.024740173	0.00214368	2.71	6.9
0.816839564	0.154925124	0.062446821	0.03512657	21.38	3.81
0.629554587	1.038574361	0.01767806	0.000285758	27.06	2.02
0.728203518	0.894528273	0.007776937	0.001382189	3.35	4.67
0.413853279	0.959489132	0.032014495	0	4.27	5.62
0.955971394	1.25133716	0.032677085	0.006672756	13.15	-2.23
0.842090932	0.438801025	0.000172258	0	5.36	1.55
0.580665011	1.41279832	0.001714091	0.003224954	1.73	11.61
0.738479812	1.888739932	0.019679389	0.0259529	4.25	1.87
0.751469607	0.09218264	0.12353769	0.000812003	4.73	0.81
0.932267605	0.813026106	0.019864821	0.038373308	36.15	0.36
0.74337644	0.336472009	0.045094464	0.016215467	5.14	3.4
0.836073921	0.042048799	0.003631404	0.000286361	15.33	2.81
0.980810944	0.59669956	0.00042967	0.037977918	14.88	-0.58
0.499392406	2.009505497	0.025910489	0.000833508	2.47	7.49
0.97238702	0.04432382	0.326457675	0	14.9	-11.76
0.936145726	0.270467044	0.047070557	0.089423547	3.55	-0.5
0.422991901	0	0.01156217	0	10.5	1.88
0.71259572	0.416310841	0.053016803	0.009296109	3.86	4.63
1.025316771	1.281408175	0.00776877	0.000914871	2.05	-2.73
0.639556091	5.438644995	0.10071319	0.017660487	4.33	1.78
0.703660735	0.340712095	0.073571037	0.036114663	6.35	0.8
0.840912979	1.296867073	0.003546717	0.008107363	4.5	1.11
0.990271296	0.761435495	0.066026651	0.000637329	17.63	-5.17
1.157656417	0.207167803	0.000713188	0.016353399	7.67	-2.99
0.495556964	1.483735912	0.013513899	0	2.07	5.72
1.224395774	0.098758406	0	0.002780492	7.42	-3.49
1.039458126	0.212560034	0.007401912	0.000150314	2.64	-0.6
0.573251699	0.605416603	0.016365992	0.004522331	2.69	8.48
0.550761698	0.449389976	0.008692572	0.001842528	3.56	8.6
0.543758394	0.600126959	0.019396531	0.000916573	3.76	3.21
0.766845035	1.230136003	0.003333651	0.001379303	10.86	4.25
0.750690321	0.238840936	0.06669668	0.080564249	64.44	2.55
0.71016635	0.392188121	0.001807109	0.001577347	2.95	8.69
0.851799707	0.380445617	0.039209371	0.021625806	24.67	5.88
0.971289846	0.215715886	0	0.006798966	7.21	-0.16
0.628877509	0.02435918	0.010186638	0	3.99	2.52
0.85013557	0.620340017	0.008432448	0.008985508	3.45	-1.5
0.480603058	1.412376617	0.010966935	0.055427936	1.39	7.66
0.625383941	0.13929838	0.05202266	0.034471355	2.29	2.88
0.822624145	1.954583304	0.001304976	0.006085971	15.64	3.9
0.532027153	0.953310891	0.002412656	8.4164E-05	1.6	9.8
0.721467842	0.295896092	0.006436042	0.00257078	2.53	11.33
0.910905233	0.049883019	0.001418063	0.008609896	6.84	0.75
0.726808941	3.222533003	0.005399588	0.025254177	23.37	-1.63
0.701323333	0.074957632	0.000839669	0.001587815	36.23	0.26
0.894999547	0.980569705	0.007444474	0.002448976	2.88	1.03
1.565163747	0.407442134	0.006582853	0.000756007	2.97	-13.97
0.905071541	2.663978656	3.99743E-05	0.003825229	1.44	-5.53
0.645471544	0.313440251	0.096590913	0.023392152	5	3.86
0.625118529	0.200216347	0.047996018	0.01123376	5.29	7.68
0.708308965	0.297613359	0	0.028273368	5.94	2.5
0.8077589	1.115723325	0.002141677	0.009618294	2.27	0.46
0.871932995	0.374176769	0.0042665	0	5.71	-0.25
0.869616623	0.75497689	0	0.055701972	11.61	0.29
0.757389321	0.840984681	0.016619408	0.002216473	12.18	4.41
0.533783405	0.458866757	0.051304195	0.007176059	2.96	2.53
0.463009296	0.441478606	0.01694506	0	2.03	15.9
0.722644948	9.759867083	0.003722294	0.004655897	2.25	1.72
0.877975612	1.061314341	0.114416383	0.00226849	25.83	-0.23
0.659008873	0.924494137	0.002628385	0.006376624	4.11	6.48
0.516562632	3.582403871	0.000652797	0.000500748	3.07	1.5
0.676653714	1.672525967	0.066324989	6.20531E-05	6.59	2.3
0.382080582	0.013910957	3.32716E-05	0.000335588	3.69	2.51
0.467139533	0.387212251	0.016709507	0.013104869	2.44	9.94
0.919053071	0.08631287	0.005619755	0.004687784	12.69	0.81
0.85280626	0.456681696	0.044088513	0.00948691	56.33	2.29
0.595911586	0.489706773	0.000169172	0.005262389	3.21	14.49
0.795992213	0.17775166	0.050343503	0.041237838	2.05	-2.24
0.472108634	1.711706261	0	0.016706048	6.54	1.49
0.89702308	0.230491445	0.127605627	0.013605126	37.98	-3.01
0.771621793	0.24787247	0.043275053	0.010469889	4.2	2.24
1.146511162	0.471099188	0.05168015	0	6.6	-14.39
0.754337325	0.81766542	0.043918044	0.050645765	64.84	2.16
0.972194568	0.213114838	0.025808793	0.003061605	16.7	-2.28
0.832231205	0.738181083	0.010250984	0.16559033	2.49	-6.02
0.63151937	1.39823138	0.04884561	0.026551292	17.33	2.12
0.67881134	0.283819392	0.005722012	0.037481683	3.13	4.33
0.535194661	1.502521484	0.020300272	0.009679097	6.7	2.33
0.490082171	1.960161625	0.010024273	0.016739788	4.55	12.86
0.997544796	5.112578978	0.023425659	0.006263189	1.94	-2.7
1.37461349	3.892331452	0.000141034	0.028412016	2.23	-10.5
0.588421828	0.076015666	0.001468543	0.002046949	5.56	4.47
0.708269683	1.4579021	0.009156084	0.006557095	4.31	1.99
0.781246157	0.046120408	0.003937702	0.000240309	3.82	6.22
0.976299536	0.30780984	0.040113942	0	17.72	-3.06
1.091895348	1.033646537	0.003409685	0.021263581	4.36	-7.63
0.745017641	0.131560064	0.007084112	0.000137035	3.68	2.03
0.706760433	0.303557242	0.134469541	0.00195368	8.44	2.78
0.480196859	1.64793743	0.000921437	7.41957E-08	4.56	3.34
0.777680652	0.553724919	0.1634864	0.009588882	3.83	0.34
0.562220252	1.325197858	0.002116421	0.002552267	1.39	12.02
1.093646521	0.479171785	0.010629729	0.003890848	9.99	-6.62
0.714438199	0.242805467	0.008352881	0.006376375	3.58	6.27
0.722719535	0.389144842	0.015654083	0.006606682	7.1	4.03
0.77584364	0.984652053	0.018824421	8.88716E-05	15.42	3.71
0.852080541	0.209556237	0.00027542	0.000578945	17.24	0.67
0.845380293	0.844322536	0.008129043	0.006263761	9.95	3.82
0.588104225	0.305108296	0.004056318	0.000117389	13.3	2.7
0.884026802	3.756734433	0.014426499	0.000361493	3.89	-0.92
0.290050453	0.352448413	0.034414416	0.000222329	1.68	9.93
0.715051001	1.440574054	0.004261273	0.01472268	5.83	2.32
0.855497237	0.035455554	0.098137959	9.02858E-06	5.1	3.09
0.545244917	0.165522648	0.005841228	0.001683451	50.14	2.51
0.642480738	2.659739283	0.002385301	0	4.29	2.53
1.146725146	0.0343847	0.001131138	0.000268316	6.32	-8.37
0.542952546	2.350493445	0.000814556	0.019421601	1.55	9.07
1.801156777	9.434340236	0.025868382	0	1.98	-18.77
0.626772303	2.152151787	0.003519527	0.007087346	5.82	5.41
0.643952162	0.180422268	0.020165472	0	14.29	4.25
0.456385433	0.874071643	0.004568063	0	3.49	5.86
0.719604734	0.91421869	0.093914473	0.009023411	11.13	4.95
1.088739913	1.087382161	0.002038234	0.018682963	4.74	-2.01
0.85226424	0.534400203	0.001504006	0.010348106	2.66	0.45
0.657263056	0.439793266	0.007989279	0.096088843	4.41	2.49
0.999607845	0.480068604	0.022069665	0	8.87	-5.04
0.640756448	1.093249857	0.03296275	0.005607652	7.09	3.87
0.576931277	0.639083403	0.071607749	0.008122041	20.26	3.47
0.831183666	0.567701908	0.078339816	0.026733406	34.67	3.72
1.006813329	0.264304998	0.038645901	0.038633737	2.71	-2.6
0.336132655	1.042897813	5.48468E-05	0.003292709	4.37	1.68
0.78651905	0.12979464	0.001856623	0.002089245	12.71	0.79
1.004433606	0.046865556	0.00049501	0	12.17	-0.44
0.460999029	2.848215674	0.001003397	0.000453114	4.83	4.16
0.784692089	0.169037795	0.085506545	0	6.15	2.36
1.052776912	0.242665863	0.017285181	0.004646972	4.23	-5.72
0.980148872	0.235967374	0.00135118	0.007101675	2.8	-0.06
0.389566013	0.026090526	0.00357571	0.002794816	5.4	8.19
1.017441418	3.338138364	0.024397066	0.00494265	45.55	-1.61
0.810432738	0.4923234	0	0.005113968	8.78	0.39
0.536247863	2.021572059	0.165798717	0.000597982	4.07	-0.3
0.698948664	0.830166012	0.00292719	0.004766795	7.06	2.06
0.471945912	4.907580547	0.000402222	0.000457535	2.42	3.37
0.566356263	0.908467241	0.006418508	0.009086553	3.88	3.84
0.998914568	0.531705902	0.001241376	0.001215547	1.85	-1.4
0.436550445	1.554405945	7.8641E-05	0	2.49	16.69
0.55750719	0.658166397	0.04529089	0.041881924	1.49	17.1
0.581163541	1.026477209	0.074521239	0.037536422	11.91	5.02
0.7049947	0.083966543	0.021445161	0.00361107	8.69	3.42
0.877157019	1.589978951	0.053934114	0	2.26	-1.57
1.114242146	0.077257603	0.009772082	0.008760232	5.23	-4.42
0.752048521	0.243771476	0.156289104	0.023084284	29.44	3.79
0.7075765	2.345233398	0.000358399	0	3.44	1.24
0.904051952	0.204994336	0.000192275	0	7.85	-0.33
0.89090233	2.590577381	0.007876751	0.003152592	5.15	-0.87
0.584657412	0.314283838	0.021884357	0.000631546	3.33	5.16
0.832540171	0.068560214	0.00869377	0.000398637	3.93	4.78
0.56967277	0.435076779	0.015354793	0.061114492	3.48	8.64
0.597447156	2.121348853	0.000423462	0.000552438	1.33	7.7
0.327208558	1.35844168	0.00092953	0	1.94	20.99
0.759380163	0.521131755	0.019106486	0.002023072	11.28	5.67
0.788668236	6.608445839	2.97205E-06	0.000506041	2.62	-2.8
0.55777485	18.15286605	0.010999457	0.000583615	1.32	-1.06
0.689201355	2.165819865	0.004556753	0.001724464	4.14	1.37
0.646909429	0.092619446	0.000324	0.012718082	7.43	2.75
0.781388904	6.356488128	0.00057394	5.88062E-05	2.69	-1.67
0.427078939	3.702970021	0.006870022	0.020773278	36.51	3.29
0.88648057	0.453178139	0.088528424	0.020060138	10.47	1.79
1.071817089	1.930551423	0.002200207	0	3.19	-1.71
0.611530122	0.595308707	0.035517148	0.034018178	3.55	7.61
0.64368792	1.594661576	0.017608745	0.022901779	22.23	0.67
0.369379009	0.228337869	0.003059431	0	4.78	1.9
0.954703369	0.080939796	0.037171522	0	12.42	0.17
0.58705827	0.709716195	0.001398565	0.004988629	1.68	14.33
0.755134537	0.207447865	0.028223196	0.009258084	5.42	1.14
0.615378723	0.097769826	0.003542384	0.000480256	2.49	9.33
0.482653713	0.929582602	0.005770693	8.329E-05	2.2	9.46
0.739668596	0.068924187	0.214937677	0.00239435	17.66	0.77
1.243650683	0.271593644	0	7.53035E-05	4.82	-1.79
0.545434698	0.300771039	0.026465307	0	2.65	9.97
0.809351468	0.104316274	0.456716484	0	13.48	0.98
0.605517432	1.267185613	0.001273451	0.004575011	2.69	11.85
0.722342125	0.798421043	0.013413327	0.002374705	7.07	7.12
0.781325648	0.838915603	0.002719048	0.002106441	6.49	2.52
0.739406729	0.191642249	0.007417693	0.002308186	50.88	3.46
0.671161729	0.076543253	0.006532851	0	8.93	1.85
0.642287712	2.858487935	0.001057824	0.003487667	2.34	11.17
0.514492867	2.490749503	0.000535434	0.015363567	1.7	9.19
0.5031571	1.461030474	0.009555849	0.005812655	1.57	23.33
0.899371602	0.112135356	0.009911851	0.009698153	8.97	-14.62
0.989696392	1.103581737	0.00665251	0	2.27	-8.31
0.592331041	0.135046263	0.175540227	0.004153919	1.67	6.46
0.52745845	0.663295014	0.006506674	0.000993049	9.54	1.12
0.644555178	1.282512707	0.082344846	0.001535946	3.18	3.65
1.286266835	3.86904519	0.001537668	0	3.57	-7.24
0.660604115	0.629950205	0.007895044	0.000114658	28.4	1.31
1.043242466	0.444848516	0.051002258	0.131429679	4.66	-12.91
0.739866782	1.339136153	0.002161016	0	2.56	1.93
0.478032282	3.69671098	0.000108127	0	7.06	3.9
0.77506211	0.103707349	0.042871547	1.79541E-05	26.73	2.11
1.042903973	1.306495534	0.047260288	0.025372695	3.16	-3.09
0.716318786	0.464447558	0.026923877	0.003551869	2.99	5.41
0.526364022	1.065367668	0.021621186	0.008720213	12.19	3.03
1.175318115	0.650318549	0.000386375	0.001897201	5.97	-9.42
0.5645523	2.276165641	0.004320983	0.008600814	4.67	7.59
0.887518863	0.420270388	0.008967157	0.008230139	5.84	-3.53
0.665841996	2.125461053	0.011439379	0.013086631	7.01	4.02
0.700613715	0.606190187	0.067928982	0.059513327	12.29	3.33
0.609867412	0.243373747	0.004126258	0.022301358	7.56	1.29
0.758934055	0.38636009	0.000133745	0.000888205	7.84	5.46
0.833990214	0.553782006	0.071492238	0.002141079	4.85	1.49
0.72242124	0.016878952	0.120346247	0.004473765	26.57	2.7
0.665109544	1.913637736	0.000272627	4.83596E-05	11.62	1.92
0.890571481	1.261794646	0	0.000721014	6.27	-0.61
0.643970432	4.222753421	0.000698175	0.004417221	3.34	1.28
0.644050577	1.214824977	0.022827151	0.001834784	3.7	5.73
1.037363912	1.07464751	0.000180753	0.000471889	1.35	-0.99
1.007565722	0.025617483	0.003879065	0	5.6	-0.83
0.595026454	0.276935276	0.005236357	0.000209265	15.11	2.88
0.606760881	1.156015309	0.000536153	0.004974489	6.16	6.38
0.851151316	0	0.006350248	0	26.18	-0.16
0.694754603	1.158832269	0.008771705	0.022707697	4.22	3.58
0.996770779	2.087343498	0.032231083	0.029352799	1.95	-5.24
0.898336032	0.656401031	0.030877886	0.013124742	4.55	-1.97
0.278978756	2.627126637	0	0.000768476	3.31	2.75
0.935068191	1.294726924	0.191375528	0	2.09	-4.8
0.817155045	1.142482503	0.001583774	0.004902827	14.93	4.25
0.688201561	0.117919086	0.134334472	0.011196006	1.87	-2.38
0.708098085	0.040793509	0.000452587	0	2.66	3.84
0.76129232	0.884979879	0.010343878	0.000374948	2.03	-0.21
0.406971101	0.862640513	0.000712719	0.002322416	3.5	15.87
0.72909576	1.060918023	0.001358708	0.000326991	4.08	2.56
0.610098135	0.256248372	0.071906611	0.035153541	5.31	5.6
0.780912406	0.661914234	0.003023328	0.002150366	9.35	2.72
1.070553632	0.45537774	0.07716997	0.001067235	7.42	-8.14
1.084502053	0.128656582	0.000541657	0.000643615	21.92	-1.64
0.569195868	1.178803265	0.000294402	0.001812598	3.02	8.52
0.634349703	0.083139249	0.000787585	0.009200362	19.06	2.27
0.774504478	1.07029424	0.01089488	0.012444477	5.61	5.04
0.489040146	0.616830661	0.000218374	0.001660915	3.05	6.22
0.433803956	0.738650643	0.00011264	0.143534688	2.18	7.38
0.57171262	1.811994573	0.002225998	0.002271587	2.86	2.05
0.800977545	4.682295577	0.004350592	0.003089892	15.05	0.4
1.060257072	0.110629016	0.003592493	0	2.52	-2.45
0.689414298	3.710098243	0.001953491	0	1.64	2.86
1.063672731	2.235641294	0	0.005203507	2.25	-11.69
0.868324682	1.85878383	0.016632628	0	13.77	0.42
0.317022101	2.282266701	0.003566977	0.019196846	2.24	14.93
1.004515682	0.359295911	0.044420875	0.013784693	19.13	-2.68
0.776348471	0.333687037	0.013524967	0.049728001	10.76	4.28
0.277032438	0.072904282	0.00055607	0.000421069	2.32	7.1
0.698174898	0.146752336	0.015859767	0.006445061	18.19	1.82
0.975659387	0.075208416	0.000467601	0.001103539	64.52	0.03
0.72010044	0.113987228	0.00276566	0	60.86	0.61
0.741158657	0.222760945	0.012009501	0.016030068	3.6	4.63
0.805215531	0.279206989	0.013859932	0.057693447	11.78	0.59
0.691589643	0.456444866	0.006012288	0.004242615	2.84	5.61
0.719406698	0.375053235	0.004315984	0.059110739	21.11	4.32
0.354360991	0.466693961	0.022587566	0.007151105	4.3	8.45
0.983081039	0.266395475	0.035926104	0	3.26	-0.08
1.016504683	0.032962243	0	0.000623813	22.43	-0.1
0.769392329	0.132875702	0.055129653	0.036245393	56.9	1.67
0.615877142	0.45709801	0.012642683	0.011910735	8.14	4.82
0.698272694	0.721349909	0.049901638	0.012034068	20.76	0.13
0.96885152	0.11114352	0.002932452	0	2.67	-0.32
0.852691087	0.264686491	0.078984966	0	8.28	-1.59
0.771891722	0.376364458	0.035083894	8.71402E-05	9.18	5.83
0.792885396	0.229211982	0.014679542	0.005107126	17.3	3.19
0.104015547	0.219343886	0	0.007673791	2.93	3.68
0.308495792	0.09020964	0.009224148	0	3.9	3.59
0.660631	0.157019122	0.03372375	0.00860731	3.32	6.11
1.048964855	0.437011268	0.040649726	0.004036059	6.55	-10.92
0.676840873	0.37492459	0.003541884	0.000940329	4.61	4.36
0.661741925	0.082220415	0.004461847	0	8.6	1.67
0	0.360121304	0.005381344	0.000581205	7.03	-0.05
0.699084341	0.547236347	0.007804404	0.008831583	5.55	1.32
0.946065087	2.33997924	0.33941437	0.003918007	6.58	-3.45
0.975234536	0.078039188	0.014598432	0.003633135	11.64	-0.24
0.756998405	1.700187096	0.19452798	0.005234754	23.59	2.66
0.769950113	0.344732107	0.039332635	0.016291921	5.28	2.67
0.5837581	0.617003678	7.4973E-05	0	7.07	5.58
0.703491034	0.695157107	0.023219784	0.000754128	12.51	5.78
0.487217637	1.026917204	0.000598563	0.004654418	1.58	14.57
0.806891191	0.508192728	0.059135511	0.047779003	36.75	1.3
0.926396425	0.104839956	0.000472884	0	9.49	0.25
0.964282771	0.309124397	0.001490253	0.003244149	12.12	-0.14
0.650647772	0.086402001	0	0	15.71	2.04
0.555384513	0.701989324	0.0019229	0.005499891	1.94	15.4
0	-0.02260993	0.004990242	0	6.67	-3.13
0.642533352	0.159570291	0.028413192	0.004106027	5.42	4.15
0.603377084	0.73006075	0.046968902	0.013202129	5.11	9.18
0.24442042	0.572242927	0.000218111	0.002863052	4.47	8.08
0.885044058	7.79083654	0.000126517	0.001749455	3.26	-5.08
1.001791235	0.123994015	0.014767711	0.002360047	5.04	-1.38
0.554225725	1.230753032	0.005823013	0.000218273	3.64	5.64
0	-0.060119245	0	0.00317728	1.34	-1
0.873944845	0.465132711	0.033300531	0.0070034	3.17	1.15
0.955208929	0.963170254	0.005784513	0.089801937	17.13	-0.27
0.669056013	0.191422348	0.118201767	0	4.12	2.67
0.52886072	0.255929778	0.003350703	0.000775718	2.19	15.03
0.722759948	0.371484764	0.009436991	0.005912531	3.12	5.47
0.773718184	0.213836106	0.040462272	0.014819296	3.43	1.51
0.937917441	0.331031622	0.047187177	0.001108067	29.83	-0.17
0.975988125	0.038524026	0.12225144	0.003590752	4.08	-0.63
0.894798019	0.032365438	0.018223357	3.11364E-05	5.6	-0.52
0.674772207	4.091538995	0.001116357	0.003005172	32.73	-2.84
0.94705092	0.273457297	0.088301949	0.011400378	1.3	-1.41
0.936273697	0.655705675	0.000655612	0.002113543	3.06	-2.01
0.731855433	1.670524129	0	0	8.83	6.95
0.724789643	1.319088082	0.066151825	0	16.49	-0.59
0.935737527	1.005477223	0.000401938	0.012708488	5.33	-0.47
0.89295101	0.49219946	0.034972521	0.001822208	14.46	-0.25
0.909650221	0.383583377	0.143304372	0.08399556	27.29	1.83
0.58481676	0.285254197	0.004215723	0	27.93	1.52
0.908244803	0.327181116	0.04061737	0.03622877	9.39	-0.02
0.722367801	0.205028651	0.001908438	0.008895068	2.39	3.18
0.478216232	0.296102867	0.001504396	0.000720268	2.44	13.37
0.876134544	0.125122494	0.000837414	0	8.24	0.52
0.766070245	0.314594908	0.059922703	0.003358855	3.31	3.81
0.886772255	0.062040102	0.004179191	0	6.74	0.54
0.984784963	1.565198636	0.00071347	0.000752009	2.03	-2.71
0.849425097	2.995152613	0.000710306	0	3.61	0.23
0.498381152	0.36973444	0.000534935	0.006393653	30.05	0.48
0.862247358	7.545203054	0.012073764	0	5.65	-2.2
0.267043833	0.053971674	0.002644137	0.000257204	1.89	8.82
0.804889894	0.001981755	0.001282922	4.86706E-06	3.57	5.63
0.843957015	0.191162856	0.022555716	0	3.87	1.69
0.44461413	2.057368954	0.005471803	0.001633343	1.69	19.3
0.724423427	0.905713882	0.049788361	0.055879933	4.4	3.49
0.630989199	0.33549324	0.03910699	0.022310177	17.02	3.84
0.824525172	0.209080002	0.177851459	0.01935015	13.5	3.22
0.765903723	0.363435998	0.004073472	0	2.8	2.48
0.583586159	0.339777326	0.016709127	0.05378097	5.34	3.03
1.670856276	4.131374192	0.000400126	0.011274401	2	-9.26
0.803478891	0.135133211	0.057532937	0.018885308	5.53	2.51
0.921730988	0.525296169	0.170619734	0.058732804	11.81	-0.37
0.766604879	0.202062545	0.097214199	0.002366603	14.58	3.11
0.773716693	0.09768208	0.002244004	0.000136372	2.36	3.47
0.913364522	0.625368882	0.116765351	0.009532755	2.98	-1.73
0.863879098	0.87421242	0.003118447	0.00289765	4.7	-0.95
0.786261731	0.154160208	0.018632164	0.001924246	3.74	3.71
0.787304994	1.256225247	0.00152665	0.001772308	11.41	4.14
1.00559005	0.2118701	0.031600871	0	17.53	-1.06
0.209385819	0.969781713	0.00021306	0.002158839	16.9	2.91
0.924478427	0.908290955	0.012866634	0.003671371	8.71	-0.27
1.020049787	0.154634826	0	0.01331595	17.32	-0.56
0.791618187	0.284096755	0.009703201	0.00614627	10.5	-1.13
0.795392901	2.720073521	0.127421146	0.00017972	1.36	-1.5
0.745304295	3.308875797	0.033113866	0.002240441	3.25	1.79
0.741368873	0.676733839	0.003501969	0.008950967	14.93	3.72
0.797956844	1.063291645	0.011606855	0.000156451	14.83	3.34
1.174988754	0.233018444	0.001626107	0	7.46	-0.68
0.882231366	0.081508386	0.125735211	0	22.66	-5.36
0.419929514	0.353414862	0.012934733	0.014928285	1.78	12.98
0.703157181	0.376334382	0.072653828	0.000569677	3.82	3.81
0.771534641	0.464982636	0.041036781	0.001598992	36.21	1.76
0.809827953	0.161865312	0.004077191	0.003454405	10.8	7.41
0.496160633	1.049645806	0.035417819	0.004319091	9.77	3.07
0.612164731	0.058481004	0.010449862	0.001414819	22.4	2.58
0.592002307	0.653401247	0.060972842	0.002974264	1.45	6.21
0.681586863	1.13834664	0.025250637	0	14.85	5.61
0.843080587	0.633664355	0.000792516	0.016595772	13.25	0.41
1.108257369	0.032451037	0.005098553	0.002299872	6.25	-6.7
0.786780337	0.321995722	0.09637179	0.017960154	25.77	0.26
0.481315657	0.39472799	0.010090236	0.076199977	1.89	9.1
0.653034152	4.164233516	0.008152343	0.000166103	5.28	0.48
0.564370172	0.933538784	0.001952174	0.017532785	5.95	2.96
0.790705363	0.09963766	0.089168167	0.005267322	4.21	2.83
0.236409764	3.571991492	0.001040516	0.036361412	8.11	3.18
0.488405772	0.231112794	0.020518831	0	27.61	2.82
1.162481378	5.701859246	0.004823303	0.002779111	3.32	-6.29
0.448636728	3.177646704	0.009710021	0	62.09	0.35
0.406113679	0.178863262	0.08453586	0.02513012	4.98	6.05
0.841692717	1.217611192	0.026881422	0.063011683	2.16	-0.42
0.503964581	0.940135586	0	0.000742327	9	9.95
0.876715379	0.068246484	0.009205546	0.005063177	11.35	3.36
0.776638958	0.126932069	0.034815087	0.003949445	2.78	4.99
0.708840591	0.964360356	0.01215993	0.176656397	2.34	-2.81
0.617618244	1.122096205	0.001531769	0.002660263	2.49	7.89
0.78476627	1.397023752	0.005876867	0	5.79	3.04
1.115865505	1.273068451	0.00021975	0.001937939	1.99	-3.79
0.628791305	0.039426531	0.000101704	0.000570165	3.02	4.03
0.872868375	1.12998001	0.04239057	0.02565415	1.65	-0.15
1.09417576	0.054546256	0.000691597	0.001383194	1.18	-1.34
0.688444814	2.065628154	0.002272489	0.00236708	4.58	3.17
1.395009673	0.356255864	0.008004002	0	3.53	-14.61
0.769643234	2.33117306	0.00014244	0.021623874	6.12	1.65
0.639006525	0.910061392	0.066552733	0	33.89	3.59
0.64496033	1.267838869	0.158017674	0.008062632	4.45	6.71
0.536784072	1.772525952	0.001961862	0.000814738	5.04	3.43
0.880087542	0.146808467	0.099799881	0.004839433	34.68	0.78
0.694859334	4.010884186	0.000997695	0.004405369	16.42	1.21
0.777376313	0.776613649	0.230805886	0.001380911	7	-2.47
0.567261326	2.642296662	0.00116102	0	2.57	8.96
0.929717293	3.81066708	0.049194887	0.018172462	3.11	-1.08
0.821816521	0.34333997	0.004471957	0.037659715	11.42	4.54
0.806955874	0.141151877	0.000640427	0.001826131	4.54	3.95
0.582386929	0.171011334	0.182494392	0.008045175	5.77	5.09
0.724673116	0.527540188	0.114816273	0.028405085	13.35	2.44
0.800222208	0.044159056	0.034950876	0.000333834	6.66	3.17
0.896971155	0.542925934	0.149919437	0.002299621	14.96	-1.38
0.618258231	2.5080618	0.007945653	0	7.39	0.9
0.520939502	0.52774597	0.007719764	0.001742273	2.75	2.59
0.894600839	0.08437129	0.013258945	0.000124984	13.79	0.4
0.97111706	2.271563264	0	0	1.41	-0.92
0.732581431	0.052442528	0.000195062	0.000942898	4.99	5.64
0.583118273	0.844269656	0.000161281	0.000640421	1.68	12.27
0.653869311	2.146537511	3.91394E-05	0	8.01	2.25
0.536326008	7.105192407	0.001724343	0.003339612	1.97	6.24
0.747262	1.897948663	0.003255661	0.018545195	4.27	1.37
0.630039799	0.290580622	0.007771115	0.011511824	2.74	8.77
0.866041967	10.7182771	0.000312467	0.000149047	1.51	-2.89
0.680629317	0.571643853	0.006797314	0.111356727	5.84	3.89
1.124581172	1.884678189	0.000235785	0.001353078	2.48	-3.87
0.66880003	0.398390582	0.020513867	0.003419805	8.52	3.71
0.315489589	0	0.000901305	0	35.55	8.86
0.975623058	0.247587083	0.108730941	0.049761896	43.57	-1.11
0.676472112	1.54893082	0.007330534	0.028754759	5.82	5.95
0.454241049	0.576055015	0.000338185	0	1.79	3.08
0.62094581	0.834816794	0.011318931	0.00247953	3.05	5.7
0.06519874	0.311558941	0.035277252	0.000810985	4.87	7.62
0.707934362	0.144110247	0.052710348	0.000755098	5.88	3.14
0.647224253	0.704613529	0.13109146	0.017455539	9.59	3.12
0.607972503	1.237643039	0.010374628	0.000370244	6.11	2.72
0.866147248	0.568414581	0.020083747	0.011114981	5.46	-1.05
0.614371901	2.218912761	4.40244E-05	0.001024121	19.5	6.73
0.177933658	2.891067944	0.048344391	0.094785327	1.53	7.8
1.080284338	1.442925602	0.015242107	0.002331638	2.06	-5.07
1.059299558	0.766336906	0.009927449	0	9.43	-5.55
0.723467851	1.334786826	0.000853737	0.000101877	2.29	3.52
0.962341423	0.300255508	0.077642031	0.006092402	46.33	-0.14
0.636211627	0.587555473	0.016606955	0.042353247	4.27	3.81
0.862252362	0.290091458	0.004024199	0.000711838	4.65	2.59
0.406231746	0.033366689	0.005407521	0.000569453	4.36	9.91
0.90000028	0.172150707	0.009184441	0	32.95	0.74
1.056107622	1.813708464	0.000243984	0	2.39	-5.68
0.435990473	0.531336807	0.004060141	0.003071263	4.64	7.27
0.490001284	0.728975104	0.011790846	0.000519903	2.13	17.33
0.659802578	1.713984648	0.002759521	0.009476403	3.51	5.97
0.99643294	0.920406426	0.091454001	0.019768958	7.55	-5.18
0.942168945	0.191783873	0.209666921	0	4.44	-0.73
0.926379026	3.312523932	0.001374178	0.000704699	2.02	-1.23
0.965576479	0.190528901	0.02956287	0.001224502	2.84	-0.29
0.94607541	4.355721544	0.000958037	7.6643E-06	3.98	-2.11
0.395841024	0.418407777	0.011432641	0	7.31	3.1
0.610463081	1.404433614	0.04404501	0.000885678	5.3	1.71
0.647461504	1.219884369	0.012758708	0.005581739	12.55	3.51
0.739021078	0.391812994	0.083909754	0.001831335	4.64	2.48
0.838246947	0.263241417	0.095945498	0.077392555	3.6	1.83
0.337903267	3.872485315	0	0.001597314	2.44	3.94
0.799229243	0.031048416	0	0.000189921	4.11	-1.04
0.643255041	0.285934018	0.021227754	0.035296544	2.47	7.56
0.997010202	0.291821052	0.083417816	0.008924694	11.3	-6.23
0.788408298	0.102823017	0.023898333	0.007118558	2.39	5.47
0.63225908	0.039158121	9.833E-05	0.000445112	2.91	4.52
0.937531272	0.4260629	0.05534644	0.034897974	42.68	0.47
0.532912919	0.196497215	0.010771692	0.013065487	12.52	5.75
0.842546355	1.467352679	0.003364313	0.006031404	33.73	2.56
0.6954206	0.1044728	0.023557947	0.003374121	10.86	3.48
0.790152578	2.800111174	0.016995021	0.01267501	2.69	1.37
0.998929696	0.470675222	0.000238415	0.001196528	8.8	-2.63
0.926783817	0.268618157	0.000662069	0	28.59	-0.6
0.808251915	0.414915753	0.011806124	0	4.99	1.79
0.199795238	0.01315011	0.005948942	7.80701E-05	2.6	5.42
0.600866289	0.80913373	0.009901019	0.001424018	5.92	0.85
0.761145599	0.426512782	0.000965384	0.001199033	11.65	4.26
0.767916767	0.735781912	0.14830083	0.000982555	11.96	-0.4
0.306274225	3.071753876	0	0.000790167	2.36	4.72
0.573696782	0.096769472	0	0	11.92	5.06
0.22291747	2.230868834	0.077973526	0.023456735	5.15	1.46
0.772069024	0.684684105	0.053247475	0.005177374	15.64	2.95
0.769946705	0.328343982	0.039393818	0.000963293	2.29	1.09
0.414806148	4.133306485	0.009430976	0.016808684	9.41	6.18
0.397129509	5.224075742	0.005713528	0.018153487	7.65	6.17
0.89458796	0.956524148	0.001740461	0	1.66	1.64
1.48842796	0.503620057	0.06774702	0.001150981	1.27	-15.9
0.71636387	0.167431803	0	0.023529783	6.23	4.49
0.547773811	1.707914274	0.001190762	0.019595147	3.19	3.99
0.650771273	0.688280995	0.024135466	0.020475074	4.11	1.8
0.94657615	0.156283833	0.024847728	0.006304179	4.35	-0.88
1.444478467	4.082380206	0	0.005796687	1.37	-6.72
0.70540127	0.565850942	0.045792753	0.004111639	2.4	4.42
0.51234579	1.884699735	0.028169071	0.002019836	2.72	6.73
1.075452771	1.63204009	0.004132411	0.000205386	2.88	-2.74
0.632669174	0.951464829	0.004237835	0.007455391	6.12	7.12
1.30382105	0.092114015	0.001579432	0.000514552	2.07	-7.06
1.145719401	0.27257487	0.033383851	0	13.27	-2.56
0.812293597	0.145130789	0	0.000646386	12.74	1.13
0.712698226	0.359930545	0.002686011	0.011749217	9.54	1.36
0.746995227	0.129963416	0.064900987	3.03106E-05	27.21	2.38
0.424933579	2.099538759	0.007222825	0.013406562	2.41	2.3
0.749458184	0.157674105	0.0003783	0.026821759	2.37	2.47
0.531661754	0.998183556	0.011854393	0	7.06	3.37
0.473523866	1.120429865	0.003770019	0.006767329	11.74	5.53
0.881824778	0.405461505	0.001300613	0.018697577	8.9	1.66
1.191175943	0.145858545	0.024402344	0.000811863	4.44	-4.28
0.891102505	0.104285545	0.000702089	0.013152927	18.23	3.3
0.582751941	1.03727424	0.000964655	0.00383338	1.61	9.69
0.71642445	0.106906284	0.001387172	0.00013572	1.91	3.25
0.828425328	0.51738207	0.007148519	0.18787814	7.04	1.26
0.618206314	0.236880847	0.030632015	0.000224498	2.93	11.58
0.695043868	2.226191394	0.02489861	0.041148773	11.95	3.65
0.490017986	0.309323358	0.000185153	0	5.83	3.01
0.733226803	0.059487451	0.000326572	0.005190269	11.7	2.18
0.574255773	0.204875236	0.05251029	0.003706456	5.86	4.58
0.949703296	0.422510442	0.013516623	0.003611285	3.35	-0.32
0.605281229	0.310811303	0.000898163	0.003330925	4.02	4.58
0.263091557	0	0.005174956	0	11.41	13.17
0.459903309	0.937605486	0.007206429	0.000195227	2.44	10.37
0.782850181	1.205745538	0.004290774	0.010494555	4.62	2.06
1.057221701	0.119976467	0.000370435	0	3.63	-0.32
0.761930041	1.462253541	0.033687635	0.040842538	8.95	7.02
0.401765723	0.795720929	0.015971618	0	6.57	5.37
0.571461305	1.523287231	0.021102741	0.096039229	2.33	10.59
0.909754047	1.603661788	0.019084779	0.041017682	13.95	0.86
0.380072269	0.271200177	0.008305947	0.059518728	1.76	20.93
0.564690765	1.872244689	0.005423287	0.007915047	11.5	3.09
0.368309371	1.050783878	0.009890361	0.006496509	7.96	7.5
0.555472697	1.210449622	0.018697781	0	9.02	1.95
0.565550401	0.941894054	0.025696035	0.000758168	3.85	2.34
0.644577998	0.56992727	0.082938644	0	12.61	1.64
0.459268538	0.412512918	0.075414924	0.002254488	4.74	6.82
0.79955573	2.598047475	0.066901593	0.024892949	25.85	1.83
0.519582177	0.547184501	0.027647636	0.005053313	5.17	9.03
1.049091714	2.162812897	0.000326533	0.004139013	6.12	-1.84
0.713677739	0.863667751	0	0.001713087	4.07	8.16
0.721647304	1.039808424	0	0.004345097	14.88	2.56
0.705198317	2.059130299	0.018367658	0.047935033	11.51	3.41
1.260676955	1.232735906	0	3.71987E-05	3.02	-0.85
0.491903474	0.74058382	0.018302778	0.015024086	2.89	12.81
0.940195601	0.054432641	0.001387342	0.014741525	6.06	0.42
0.337860195	0.764591098	0.000165906	0	6.58	2.08
0.892193727	0.144828651	0	0.003481119	10.98	1.17
0.70927353	9.431130895	0.002554706	0.005049161	2.13	2.47
0.600007147	1.177527887	0.013382876	0.130185034	14.9	7.22
0.756405388	0.939476121	0.000422821	0.009136313	2.14	3.05
1.068277034	0.519143594	0.016075659	0.006860426	5.44	-7.76
0.821296249	3.736842105	0.000308468	0	3.11	-0.82
0.17112872	0.062723812	0.001765818	0.003236262	5.3	6.21
1.045539465	1.20146342	0.002054076	0.003138624	9.99	-4.18
0.539774338	0.686242559	0.0578826	0.002655569	28.81	2.75
1.141408991	2.395916619	0.038043651	0.000213467	2.33	-14.66
0.862317729	2.355755149	0.01967499	0.08990521	3.27	-3.51
0.648734691	0.25580971	0.053891432	0.005119478	1.5	11.74
0.477511517	0.318845181	0.018983478	0.002378657	43.09	3.41
0.909883186	0	0.262089881	0	6.93	-1.01
0.649436274	2.088289084	0	0	11.31	2.2
0.580749791	1.439208418	0.010850501	0.000493407	6.57	3.09
0.911156554	1.229334622	0.179546393	0	2.17	-3.06
0.463608027	0.101100915	0.000326991	0.000151288	7.51	4.67
0.994886854	0.675049596	0.003077156	0.000101091	21.52	-0.51
1.039584041	1.957381935	1.66091E-05	0.00031241	11.63	-4.3
0.49590085	0.214843979	0.066284465	0.037045199	2.67	3.66
0.645455608	3.582031242	0	0.034033871	10.85	2.32
0.443941545	0.058399958	0.076345707	0	9.37	2.66
0.449603053	0.712843559	0.04747201	0	16.4	1.25
0.839725923	1.825105443	0.00264657	0.015462702	2.47	-1.38
0.565808287	0.275372948	0.022079518	0.001144525	9.37	4.72
1.382690564	1.876849783	0.001435758	0.000666319	2.67	-7.31
0.555187975	0.286453367	0.009028278	0.031920268	4.22	9.38
0.715208133	1.816415144	0.008762801	0.021753417	17.87	4.14
0	-2.735269815	0.005604288	0.012049578	8.02	-3.1
0.836105836	0.010778685	0.000165269	0.000412113	2.11	4.96
1.376941952	0.72355807	0.001536872	0.001520772	1.93	-7.33
0.621437109	0.102874838	0.047094529	0.008216709	4.59	7.24
0.702075138	1.310395427	0.009672449	0.007516244	4.66	2
0.54778696	0.329779899	0.032767517	0.003383856	2.99	6.37
0.779392611	1.15123496	0	0.005522954	5.45	0.56
1.016979413	3.958954116	0.000128685	1.06372E-05	2.36	-18.07
1.012031858	0.466876424	0.010475348	0.004146404	3.02	-3.39
1.046114595	1.750238167	0.002654228	0.003432192	7.64	-5.36
0.87897041	0.070270979	5.55496E-05	0.011419505	5.09	3.82
0.58638268	1.580547483	0.001313926	0.012217182	10.86	4.28
0.589648354	1.42629881	0.12024477	0.030442146	5.74	6.93
1.043335224	0.755683758	0	0.001117271	9.15	-1.24
0.856673168	4.094025395	0.100407338	0.019134639	5.82	-1.02
0.448486736	0.087530582	0.060422562	0.006265927	1.51	8.2
0.730581508	0.380486988	0	0.031812136	4.15	9.76
0.717144717	3.064142166	0.001595208	0.009514987	4.88	1.5
0.737489275	0.905574305	0.007189459	0.002393845	1.72	1.45
0.750043087	0.348097848	0.010025594	0.000119882	26.8	0.4
1.050907298	0.209221964	0.009634816	0.005313989	11.12	-3.79
1.032805791	1.939258125	0.00136511	6.00488E-06	2.11	-2.06
0.703792769	0.052692368	0.005820496	0.003832992	5.4	2.58
0.644928291	0.113748348	0.000445743	0.01645238	2.47	3
0.600969769	0.147233964	0.015321467	0.011003794	8.1	2.6
0.643723297	0.380510037	0.055637398	0.010713231	5.4	7.84
0.415510643	0.972243484	6.85976E-05	0.002415906	3.15	11.76
0.866200313	0.456565072	0.0697911	0.038016744	24.35	1.55
0.68113904	0.508544371	0.008657139	0.001991711	7.43	4.65
0.900487168	0.022722818	0.009560895	0	4.38	1.34
0.531622475	0.313381292	0.002257794	0.014478811	6.08	2.66
0.580384753	1.159563579	0.001922508	0.018932405	2.06	4.65
0.46743881	0.139900514	0.000576806	0.014892239	1.59	9.92
0.965114462	0.112193117	0	0.003782498	7.41	-0.48
1.229384513	2.022067411	0.000837902	6.95113E-05	10.93	-17.19
0.644510262	0.610122783	0.025714139	0.007671082	1.94	5.87
0.796775954	0.666729517	0.034477544	0.001284679	45.32	2.22
0.473069348	0.333433472	0.002674638	0	5.42	3.12
0.766340841	0.479772897	0.057673115	0.012904747	6.29	2.98
0.32605115	0.030981353	0.000811061	0	7.75	4.46
1.744116568	6.913614084	0.037919044	0.015129231	2.51	-9.68
0.925814985	0.009909374	0.009425876	0	46.91	-0.23
0.450211019	1.839286795	0.004190866	0.00489418	5.35	6.25
0.663837172	0.214759583	0.110677661	0.009673226	3.4	1.94
0.711400554	0.28522874	0.01689768	0.001301585	17.19	4.39
0.617192952	0.276823166	0.001484998	0.061611854	8.42	2.15
0.884603968	0	0.091748336	0	5.65	-0.39
0.620653545	0.171435994	0.006261244	0.002635052	1.97	11.4
0.868675471	0.395142125	0.001381325	0.001113328	2.7	0.43
0.583905391	0.272487305	0.004647991	0.025064416	6.84	0.94
0.818802072	0.996614564	0.323498005	0.06421595	10.55	-1.32
0.474113624	2.197309715	0.010314376	9.56319E-05	8.87	2.96
0.650053555	0.548342739	0.064212903	0.00155922	2.24	3.11
0.759026433	1.536854728	0	0	10.64	1.28
0.764298897	0.059444895	0.044988428	0.000340505	8.05	3.64
0.447465269	0.27871591	0.025548483	0	10.73	3.59
0.775592198	0.151755769	0.014681685	0	4.73	4.55
0.824715705	2.405058214	0.012133374	0.00131664	21.58	-1.47
0.589055833	0.299861206	0.008174936	0.000624665	7.61	4.27
0.527760657	1.071357558	0.001558345	0.002248414	2.06	7.38
0.572850337	0.339887769	0.000481995	0.00031527	3.53	5.22
0.440445853	0.371605176	0.000901621	0.000265613	3.25	5.87
0.986106928	0.023838015	0.196381914	0.001085584	9.47	-3.08
0.783215118	0.06042322	0.010648316	0.000846339	4.93	3.88
0.800613035	6.205512743	0.005080723	0.001962762	30.21	-2.53
0.781889394	1.687673616	0	0	12.53	1.16
0.635953965	1.122268619	0.007071289	0.119418567	13.86	3.85
0.624334469	0.07290556	0.057204164	0.001954206	15.43	1.86
0.953617231	3.344231057	0.106445855	0.004247569	3.32	-3.88
0.737731341	0.078174286	0.002521589	0.008150923	7.83	3.16
0.458376545	0.255242038	0.053910277	0.011340121	4.58	10.46
0.90233193	2.157772031	0.003916704	0	4.85	0.03
1.225371911	3.681055137	0.001299819	0.002821219	3.91	-3.9
0.579722689	0.260589182	0.009796985	0.037276254	5.55	2.37
0.864177068	3.179685667	0.00210833	0.005967866	5	-1.01
1.143876038	0.48036057	0.013754402	0.003770525	1.83	-4.78
0.463157606	0.943648375	0.002403327	0.017335468	10.66	3.68
0.695054668	0.713231756	0.003695909	0.004872893	6.53	2.64
0.566066429	1.121968309	0.292486297	0.138979873	7.97	-5.02
0.642661247	0.35226856	0.024242171	0.000750363	3.53	3.49
0.412802486	0.242036613	0.000770293	0.004020195	10.36	2.05
0.805561629	0.256249442	0.003934482	0.004893783	3.89	2.4
0.910865808	3.580796619	0.011527183	0.000610945	4.38	-1.13
0.765291945	2.296835932	0.000253694	0.016231105	5.33	0.88
0.807023317	1.596203433	0.021845855	0.007536038	2.65	2.57
0.928561876	1.286327257	0.011072684	0.096290436	10.18	-1.89
1.141742513	0.678701657	0.245130893	0	8.54	-3.89
0.68352564	0.300103551	0.045610177	0.001397659	1.8	4.66
0.543683616	2.458213025	4.22833E-05	0.050732746	1.61	2.97
0.141826585	0	0.000182164	0	9.29	13.45
1.273097563	0.702693034	0.001320398	0.002189016	1.69	-5.75
0.665987008	0.565090357	0.021015797	0.004897465	4.38	4.51
1.556111798	7.858253228	0.000633307	0.009910025	3.02	-7.9
0.933200763	4.709792622	0.001186793	7.55549E-06	3.61	-2.11
0.960322241	0.978142916	0.020016623	0.000519595	1.57	-1.66
0.427742413	1.641241356	0.006406315	0.002345007	1.54	18.12
0.630615849	0.320054082	0.026706984	0.001104977	3.48	3.14
0.906282188	0.121856679	0.029092149	0.009130519	39.15	0.57
0.224059277	0.633905661	0.002693661	0	5.67	5.72
0.782685499	0.577319206	0.004469417	0.004591233	6.63	2.96
0.828242823	0.186615034	0.01544534	0.004584851	8.08	3.81
1.125221946	0.91023053	0	0.000983795	12.48	-2.14
0.824315724	0.150678129	0.001104824	0	9.11	0.74
0.943430808	0.515686322	0.001917378	0.003022388	2.86	0.16
0.880883871	1.259674437	0.00205526	0.00538749	32.91	2
0.986422073	0.282197812	0.000441146	0	14.13	-0.31
0.899090637	0.809453392	0.04150337	0.038266214	84.84	1.02
0.601281007	0.168518033	0.01277916	0	2.21	9.06
1.001360067	3.057106595	0.003264153	0.004591105	4.01	-1.59
0.885146891	0.353431261	0.010548607	0.008769244	10.91	2.05
0.515493196	2.391371071	0.129197419	0.008710123	3.63	3.39
0.625294674	2.609460469	0.00503975	0.022776975	5.4	2.26
0.75251689	0.125751004	0.00174342	0.019217355	11.24	5.5
0.639214718	3.02048237	0.000650683	0.00419451	3.99	3.92
1.479483122	1.30449095	0.001156337	0.000443741	2.65	-10.11
0.69923139	0.747162523	0.000114224	0.001174455	4.06	9.74
0.778450575	2.379822696	0.068741255	0.026674333	32.25	2.53
0.78640613	0.310443159	0.050610478	0.011732353	1.86	2.32
0.646277812	2.55730218	0	0	10.02	2.23
0.749416799	0.245039722	0.031087366	0.000675887	2.15	1.62
0.890056879	0.042037501	0.018003768	0.001616281	2.27	0.51
0.869083507	2.057013068	0.004201216	5.05023E-05	3.92	-2.16
0.958328878	0.080465155	0.001828735	0	2.82	-0.5
0.545684232	0.467543292	0.140260484	0	3.32	3.32
0.990207478	0.435381251	0.001778413	0	2.95	-1.96
0.848786584	0.404892307	0	0.000387974	1.9	3.5
0.663880805	0.349963222	0.03361778	5.25995E-05	3.19	3
0.775842784	7.889532301	0.001071463	0.008856392	3.72	-2.78
0.625422535	0.51708716	0.012342643	0.000145679	2.97	3.98
0.466862729	3.491217913	0	0.000633143	3.92	3.83
0.702000529	1.429280836	0.003366216	0.015980001	7	1.21
0.599347594	0.744557777	0.004671182	0.005326435	3.56	3.6
0.969411869	0.525945985	0.049389939	0.002564306	2.9	-4.79
0.349193423	1.024936647	0	0	4.19	3.98
1.331391668	12.98808092	0.006181842	0.000714012	10.8	-6.35
0.67259395	0.320108486	0.00455182	0.003864364	1.88	5.65
0.679385809	1.605403272	0.058923431	0	7.53	2.16
0.702922042	1.30068806	0.031451921	0.017999642	3.24	3.89
1.023659985	0.526437716	0.037681811	0.015580864	3.72	-7.48
0.900889172	0.113994014	0.044300052	0.006510115	42.68	0.55
0.652324854	0.847637961	0.034525134	0.033773821	6.57	6.33
0.430834546	1.505523084	0.001105718	0.004768169	3.35	3.66
0.79838155	0.048093791	0.08555113	0	4.13	4.72
0.711748194	0.405910989	0.070242155	0.006597317	4.34	4.54
0.52395673	0.583290573	0.004462167	0	2.48	5.78
0.848134017	1.000720943	0.001093285	0	1.74	2.7
0.561016114	0.498969456	0.016720392	0.003448757	2.58	11.51
0.877698813	0.062715592	0.028690782	0.010067909	4.45	1.68
0.683423497	1.750621256	0.000236537	0.003861232	3	5.67
0.841490074	0.113857917	0.002381962	0.003731788	13.78	0.61
0.753084436	0.081398677	0.001040694	6.65653E-05	4.16	5.43
0.915658036	0.442051896	0.010828905	0.010334031	37.15	-0.43
0.98752206	0.105748988	0.008758125	0.010748167	4.26	-0.93
1.025015648	0.072089332	0.01096648	0.003497636	9.13	-2.47
0.795298013	0.293739276	0.088449388	0.008792027	2.19	0.12
0.654923807	0.632562432	0.040309537	0.029592809	3.26	6.62
0.894693862	0.032749354	0.00500812	0	6.62	0.98
0.912201338	5.445045941	0.025959144	0.000580706	2.51	-7.59
0.534238801	1.465923551	0.000198507	0	5.95	0.43
0.880929824	1.040559651	0.000266313	0.006614036	1.72	-1.71
0.618076775	2.254308215	0.003197944	0.007765321	4.11	3.17
0.512537444	0.087930166	0.000518918	0.01589185	2.6	5.02
1.044922816	0.724817525	0.002568497	0.035144231	1.45	-5.16
0.553790471	1.832605782	0.005871114	0.006278074	2.63	6.1
0.441866746	2.411638501	0.0073729	0.013339614	2.17	2.36
0.619075375	0.298342432	0.004667103	0	2.13	5.44
0.886417401	0.477478814	0.00478573	0.000235722	3.03	0.37
1.202995273	1.246088948	0.00380833	0.001063484	6.61	-6.13
0.854659257	0.115242373	0.077504888	0.011918428	2.5	0.98
0.690799039	0.770291683	0	0	2.26	3.78
0.320617043	0.191697213	0	0.001640329	9.24	1.94
0.893706282	0.502466993	0.008947861	0.009741855	3.27	-0.27
0.920403814	0.347811617	0.007158826	0.011502919	2.81	-5.74
0.572960091	0.174402172	0.004657755	0.000460628	2.54	5.09
0.822472655	0.438360462	0.013877903	0.005901865	7.77	1.4
0.58031222	1.458615079	0.000157192	0.001897301	3.13	3.75
0.87497288	0.047925728	0.022273846	0.002544553	2.1	0.68
0.67985822	0.359385701	0.009726313	0	6.54	2.59
1.046687033	1.431106585	0.3771931	0.034923045	11.02	-1.37
0.759130013	0.688793882	0.022404963	6.85694E-05	12.67	-0.57
0.49823697	2.20493491	0.001376212	0.001103394	5.64	3.97
0.766678839	0.369678566	0.012747771	0.044153204	2.36	1.51
1.134180805	9.701605736	0	0.047678783	3.3	-8.41
0.580670508	2.338208565	0.001244318	0	3.41	1.74
0.93408496	0.449471588	0.09351283	0	4.24	-0.15
0.526044404	1.092161976	0.010545992	0.05221889	2.13	13.46
0.701230211	1.696598988	0.002574361	0.005541442	2.67	3.34
0.590634687	0.42634935	0.021285652	4.3078E-06	30.5	1.9
0.981442727	0.542560183	0	0.000307855	4.22	-0.32
0.694902219	0.846560097	0.051045647	0.030922966	4.29	4.75
0.49345159	4.770082741	0.000812761	0.017988496	7.91	4.26
0.683066683	0.794249927	0.050800113	0.043143725	12.37	6.94
0.843095962	0.006612893	0.056922949	0	11.73	4.99
0.636854117	0.454196412	0.020454806	0	8.7	2.85
0.896179115	2.448752305	0.004666152	0.007691704	4.95	-0.58
0.743525417	0.160115232	0.012229679	0.001591898	14.29	3.1
0.884442545	0.152661281	0.019084666	0.005395898	18.7	1.05
1.003787761	3.413228001	0.002028002	0.006883439	25.98	-1.19
0.619167028	0.294027697	0.047993295	0.021920271	6.18	2.13
0.541225152	5.680269101	0.017067483	0.0668866	4.1	1.89
0.310410221	10.78414573	0.046092094	0	4.36	-0.03
0.981859724	0.427247381	0.001782434	0.070117905	2.62	-0.92
0.497821907	0.185232276	0.005423614	0.018175869	4.65	9.15
0.797851622	0.337343272	0.024295416	0	6.23	1.01
0.516641877	0.158467869	0.001799782	0	8.17	3.64
1.400468557	2.122504257	0.001759828	0.001016696	2.39	-7.61
0.790144174	0.345273804	0.069459756	0	7.78	0.78
0.404575424	4.585085558	0.003636538	0.003147036	1.68	12.33
0.802495692	0.360720967	0.047062725	0.000346227	5.38	3.16
0.744628293	0.108566072	0	0.00181517	13.12	2.02
1.133524832	0.238028915	0.00093816	0.065206443	7.65	-8.1
0.657402409	0.014949851	0.041476006	0	2.05	4.03
0.590538441	0.583283568	0.061857872	0.008466148	4.7	6.9
0.732301192	0.091367643	0.006636162	0	2.15	0.41
0.34506711	0.654146742	0.003894972	0.010804926	3.06	12.21
0.682934212	1.982082024	0.001084841	0.008942008	4.16	4.78
0.703596125	0.507461755	0.003915472	0.007707424	4.08	5.6
1.045906623	0.105438269	0.002270054	0.000716006	1.91	-2.42
0.863341976	0.344384837	0.5453805	0.005083745	6.86	-2.68
0.74371273	0.603663254	0.000361969	0.001478807	2.07	5.91
0.689575743	0.114763581	0.009812401	0.023447134	13.17	2.97
0.424079654	0.543816729	0.019095052	0.017864583	3.37	8.6
0.633136671	0.305223922	0.01137688	0.009886333	5.68	3.58
0.846158499	0.36833005	0.016532484	0.000191882	5.41	3.43
0.412877005	0.018667242	5.94793E-05	0.000189419	5.64	3.6
0.788706654	0.046707572	0.000199091	0.001643213	2.26	7.2
0.867422329	4.17573093	0.091273812	0.019088417	5.46	-0.81
0.580229802	1.768663646	0.00722939	0.020908102	1.61	8.52
0.922858958	1.919742247	0.028815301	0.008845956	1.5	-1.71
1.096106663	0.574421008	0.00487481	0.028045505	5.44	-2.76
0.802588694	0.332077652	0.042917226	0.001869558	9.51	3.54
0.412746803	0.069465839	0.001631069	0	18.25	3.04
0.705440928	0.17237482	1.02822E-05	0.001042237	9.07	2.4
0.901102875	0.599451753	0	0.000890547	2.45	-0.61
0.761356957	0.125779969	0.02837799	0.000605339	6.83	3.91
0.355241944	0.805942896	0.006294519	0	8.64	6.28
0.611856982	0.51175968	0.038232174	0.007918173	3.12	5.6
0.906513061	0.014015625	0.109016899	0	4.49	2.67
0.962546757	0.089109226	0.014334131	0	21.41	-0.05
0.915980748	1.306097875	0.000878723	0.00161937	2.34	-0.39
0.89644738	1.687604664	0.017003423	0.027065979	9.38	-1.57
0.506730137	0.619855313	0.089532536	0.007154419	20.25	1.47
0.95510889	4.160437088	0.001001873	7.32528E-06	4.79	-2.38
1.259372571	0.362147043	0.000383453	0.004170991	7.22	-7.44
0.74004741	0.376383775	0	0	51.21	0.16
1.06470414	2.189482185	0.008392561	0.000156161	3.48	-8.48
0.417711654	0.81122165	0.013099897	0	4.1	6.59
0.882059634	2.512894067	0.013014403	0	21.74	-0.52
0.869202851	1.643007367	0.001278278	0	10.83	-1.52
0.618457076	2.675193195	0.001660892	0	4.24	2.81
0.858845157	0.459156676	0.001277193	0.000307836	2.81	1.51
0.643241576	1.196119199	0.010844294	0	2.98	5.23
0.566007085	0.12989708	0.000101711	0.000485953	8.26	3.1
0.457377877	0.870437026	0.001901983	0.004207862	2.86	5.95
0.345054591	1.219380873	0.001414361	0	9.45	1.64
0.701805865	0.403911454	0.009628745	0.071322511	4.55	1.12
0.579875114	1.324949169	0.041012734	0.003153241	1.5	2.78
0.553927299	1.334188899	0.042073823	0.01247258	8.79	5.36
0.983808415	0.18281178	0.000513964	0.000863596	2.33	-1.08
0.668696588	0.113199458	0.030945486	0.004741548	30.46	2.47
0.970448511	0.332917586	0.065975359	0.022505713	3.7	-6.32
1.256997068	0.040717804	0.001859172	3.25189E-05	7.42	-8
0.962200388	0.209819126	0	0	7.69	-0.05
0.867074953	0.259632602	0.063054275	0.01528397	2.88	-1.16
0.940976901	12.88844353	0.021169139	0.00023695	3.2	-2.26
0.947863173	0.034788819	0.003598738	0.005512856	10.35	1.55
0.723727539	0.120916661	0.003597655	0	38.26	1.38
0.81705435	0.636075338	0.040462697	0.001822407	30.49	3.01
0.642839642	0.306492199	0.037958126	0.023830091	2.36	4.3
0.426202625	1.115972428	9.57067E-05	0.001415535	2.76	11.35
0.798949594	0.585656972	0.001448109	0.009028052	7.01	3.33
0.141568179	0.410174948	0.002377495	0	23.09	0.8
0.490922231	0.904946924	0	0.002947851	4.18	11.35
0.872650576	0.03220154	0	0.000741113	23.91	1.76
0.761769508	0.783776673	0.013572398	0.015567809	4.22	2.49
0.77519216	3.480944538	0.054299787	0	1.63	-1.65
0.812331949	0.3632003	0	0.000244304	6.33	2.8