1 46112 28188 51112
2 49682 45648 84682
4 34660 23335 135960
1 23999 20988 26999
1 33228 30528 63228
4 44843 15840 160783
4 35938 17107 93940
2 86037 49500 164837
2 90712 41496 130712
2 50893 46488 60393
2 121923 42672 161923
2 12420 12420 12422
2 52027 29659 112027
2 33988 25000 40988
2 68325 28224 83325
2 70061 24000 105061
4 183702 49000 213702
6 72755 23335 84755
3 15037 9516 26037
3 29451 19927 101651
6 37196 10987 148448
2 39180 27576 77180
3 15875 11875 40875
2 34584 34584 271585
2 77816 24418 120173
1 31776 31776 301776
3 54443 25735 268813
6 43200 25200 63700
3 18370 18360 39370
2 62387 4032 79387
3 166439 90000 366439
2 70604 55479 220604
2 16968 6168 19668
4 31938 18936 72938
4 22980 22980 424980
1 30615 30000 150615
6 19300 19200 89300
2 23647 16447 23649
2 141006 42132 137051
2 66856 59916 106856
4 14820 11820 164820
2 16169 16128 39069
2 12080 12036 54080
3 91642 17911 96914
2 89607 8916 172207
2 18000 18000 50490
2 86037 49500 164837
1 13680 13680 88682
2 21714 21576 88714
1 21895 21895 34895
2 24676 24576 82678
3 23436 23335 41436
2 68006 48000 441006
3 24895 13200 64895
1 269335 29335 329335
1 48681 29280 129681
2 234140 26400 436640
2 15535 13735 33535
4 9609 9607 33109
5 24631 6288 27607
2 48681 29280 129681
2 17835 17335 17836
3 21600 10800 70601
2 17160 17160 35160
2 19629 11280 73530
5 53713 25855 95733
2 69175 46200 152641
3 11630 10990 74630
2 34154 20400 80154
5 59229 4560 120229
2 63239 25741 75239
2 24400 20800 65400
2 59262 12103 152262
1 84603 26684 91653
2 54808 44400 124808
3 102604 37260 142604
3 6110 3710 25110
1 33007 15000 55007
2 59151 19752 89151
2 76066 25860 175066
3 61136 25135 86136
1 127413 36000 127818
2 31046 28896 81046
2 3000 3000 55000
2 29124 29124 84124
2 42627 6725 102627
4 28819 25447 73819
2 40773 36816 42773
12 102085 16135 188085
2 16562 16560 42062
2 83600 24000 153600
4 117786 10135 213186
1 33659 33404 187875
4 22811 9660 211311
1 23638 20155 43638
2 41350 19200 109350
2 155537 38967 235352
4 23786 19480 171785
2 70913 36775 160913
2 9720 9720 12220
1 95763 19200 130763
2 78600 24000 148600
2 17716 14856 30716
2 44267 33888 58269
3 40861 30000 46941
10 32815 16135 126815
2 341771 53256 350271
2 88907 49070 89407
5 32047 13447 307047
3 24722 10320 137842
4 67600 39384 72600
2 19292 9288 51292
2 118158 27600 193158
2 107944 44779 110844
2 140598 65870 205598
2 2736 2736 54736
2 32565 30060 103765
3 23880 16680 31580
4 27521 13915 86521
4 25518 9936 84519
2 84257 29140 85007
5 18150 11052 129150
2 35260 31860 143726
2 37012 18000 58012
2 47650 11400 152650
1 38278 15151 43278
5 51560 13308 71397
4 51640 45000 81591
3 28528 18928 57528
3 31262 8412 61264
2 98774 49188 122774
4 67522 21600 77522
1 20616 20604 32796
2 63388 52063 113388
3 41416 33456 93700
5 36478 15595 90978
3 68201 51432 98201
2 17328 9434 167329
1 120345 20928 127345
2 55451 24960 57451
2 17270 11520 177270
1 12768 12768 15468
5 102293 48746 133693
3 29608 22800 60809
4 21000 21000 248002
5 46241 32220 164241
3 74985 19152 118985
3 11407 11400 23540
2 22656 22656 56656
2 28199 17215 29699
4 11028 11028 39028
1 7186 7176 17186
2 25728 25728 30228
1 16260 14412 31260
2 17978 12000 13978
3 34392 34392 67392
1 36136 24132 152136
3 35614 14712 111614
2 29331 5900 94331
2 9898 9888 20898
3 62190 47335 234191
2 63461 36400 75461
3 86089 20232 107589
3 40745 37735 102747
2 27554 25103 72554
3 15557 15557 63559
2 15181 13056 43181
8 18082 8136 76082
1 42159 26076 34160
3 23281 18420 78141
3 12400 7800 29900
3 25536 4896 69136
1 84654 17865 80654
3 11395 11335 56395
2 46081 45000 103581
4 28442 20400 295442
2 53828 35280 72828
2 20500 20400 99562
5 56489 33470 136489
2 90292 53863 190292
1 32245 16135 42245
1 18215 18200 32215
2 62192 32422 63392
2 6634 5978 40154
2 17872 15216 18222
6 41007 38400 484007
1 34996 14436 59996
2 34354 32448 90354
2 30180 19735 56180
2 17335 17335 18736
1 22809 22800 59810
2 59571 35935 96329
7 29517 29376 103517
1 23052 21432 38052
4 15385 12535 64885
2 162839 30535 225044
4 57336 47335 77646
6 17910 8735 248410
2 15600 15600 40600
2 385193 55106 395193
