137.8000
   99.7000
  128.6000
  147.3000
  138.0000
  105.3000
  107.8000
  121.0000
  108.3000
  156.0000
  140.2000
  129.5000
  101.3000
  103.8000
   97.0000
  134.7000
  164.8000
  153.9000
  137.4000
  162.5000
  129.9000
  143.7000
  146.9000
  156.7000
  129.0000
  137.1000
   73.8000
   34.5000
   46.2000
   41.4000
   40.8000
   51.9000
   74.0000
   80.1000
   73.4000
   77.5000
   45.4000
   56.4000
   65.6000
   73.3000
   69.2000
   77.8000
   64.2000
   61.4000
   67.2000
   86.4000
   93.0000
   70.2000