    70.1000      85.4600
    54.3000      64.5000
    79.9000      96.5900
    44.9000      54.1700
    60.3000      71.3300
    45.6000      53.1300
   110.3000     135.6100
    25.5000      28.0900
    71.0000      83.3900
    89.8000     105.0700
    38.7000      44.6600
    79.5000      93.0700
    26.2000      28.6800
    24.7000      28.5400
    67.9000      64.9100
    49.1000      44.2500
    81.8000      79.7800
    79.6000      74.7100
    44.8000      42.6000
    59.8000      56.7700
    44.6000      44.0900
    92.0000      88.5700
    80.3000      79.0200
   130.5000     125.6800
    85.6000      90.6000
    32.2000      36.9500
    56.9000      67.0900
    95.0000     114.0700
    58.7000      69.6600
    75.8000      92.1100
    79.7000      93.9000
    86.0000     101.2200
    86.9000      99.1500
   102.4000     113.6800
   131.4000     152.0300
   115.6000     132.9100
    66.0000      80.4500
    64.1000      78.5200
   140.8000     199.6400
    56.4000      73.0800
    14.6000      19.2400
    11.7000      17.2500
    14.0000      21.8300
    16.9000      27.7300
    20.4000      29.7000
     6.2000       8.6400
    19.1000      29.4100
    10.8000      15.9600
     9.9000      15.2600
    11.1000      16.7300
    18.1000      26.7500
     9.6000      14.9100
    11.4000      17.8000
    10.6000      17.1200
    10.2000      15.3800
    14.8000      23.7800
     8.7000      14.3400
    13.6000      21.7100
    27.9000      46.2800
    11.7000      20.6100
     4.1000       6.4100
     6.9000      11.1200
     7.8000      12.7800
    12.3000      20.1800
     6.5000      10.0800
     8.6000      14.3700
     5.7000       9.3900
     5.3000       9.4700
     4.7000       7.2300
     5.0000       8.1500
     4.7000       8.2400
    19.0000      39.8500
    12.0000      25.2900
     5.0930       7.7770
     8.9670      13.4470
     1.9610       2.8180
    34.9900      51.5410
    22.9430      43.3080
    71.0330     121.3060
    81.0820     144.9560
    78.5260     134.3090
    72.5060     142.8060
   108.5380     232.3760
    60.3430     118.9410
    52.7820     114.5740
    62.6560     134.3800
    86.2110     157.9580
    78.3720     133.3610
     3.1130       3.9070
    32.2540      51.6270
    47.7210      77.1250
    64.7860     117.9870
    48.1560      65.7410
    70.0910     118.6190
    86.3050     150.5740
    55.3380      87.4390
    16.1160      28.7510
    96.4260     171.9210
    48.8820      76.3320
    60.1230      86.4540
    88.2660     147.0590
    79.1650     118.6660
   141.1280     247.1410
    81.7600     112.4770
   111.7800     172.2120
    77.4960     126.9180
   174.9530     270.9740
   113.3020     164.7180
   111.7190     174.2150
    86.9800     128.9240
   128.2580     207.6770
    63.0530      93.8780
   114.4890     188.2650
    62.0190     108.4400
   111.5200     181.5460
    90.2010     147.2540
   118.5410     190.0330
   241.2900     355.9540
    78.1850     125.9660
   173.0820     277.1760
    60.1110      93.6900
