18.7473014
18.3633312
19.0952258
19.3594095
18.6434927
19.6618473
19.737313
19.5195082
19.7670512
20.9600847
20.7134198
20.99453
20.639244
20.9798353
20.3434051
21.1361042
19.8494681
20.1698957
21.2919612
20.267772
20.32532
19.8160816
18.4476748
19.027018
18.6478428
18.9165061
18.3578193
16.8482134
18.2540175
18.3514004
19.1379313
18.7314355
19.8197898
18.0313045
17.5949148
18.4343484
17.5610112
15.9373603
19.3235044
17.4612143
18.2301528
19.370971
20.1645405
20.4137939
18.6766735
19.9368549
21.0273784
19.5130253
20.2391188
20.8851716
20.1669311
20.3896568
21.2495061
21.0623302
20.8882366
19.6993384
19.2997722
20.1871949
21.3427128
20.8619086
21.2573342
21.6193354
20.5453627
19.9894595
19.5595009
20.2978351
20.5948339
18.7935868
20.0156226
19.6427959
18.9117661
19.7934497
19.4892901
19.0200753
19.054758
19.4078699
20.2581763
21.0389393
21.820337
21.6528921
21.3945028
21.8429758
22.5656113
23.1332946
22.8777409
24.4982838
22.8240799
23.952702
22.9510018
23.8442763
23.9618919
24.4424677
22.1412122
23.3814074
22.423099
23.9251645
21.4700245
20.756535
21.6120935
21.0637156
21.4218288
22.9192525
23.1099999
23.4533501
22.5052737
23.439333
23.3089405
21.6978798
21.3997281
22.7342924
21.9262816
22.7480646
21.5220541
23.213705
23.1397755
23.2792748
23.2216804
23.1860992
24.0345517
22.830483
22.293763
22.747341
23.4859649
22.3300613
23.9879349
24.7814423
23.4324974
24.3992556
22.1313127
24.5162147
20.8836466
22.4119884
23.2853526
22.0817139
22.9833663
21.8064067
22.1091244
23.6900989
25.3662322
23.6772092
22.9731303
23.8402672
23.4631088
24.6694394
21.727578
22.6743258
23.5721576
25.7993725
27.1165731
30.4939605
25.2704807
