    52.9000     215.1100
   145.9000     611.6100
   143.5000     683.0000
   137.8000     647.8800
    99.7000     400.4400
   128.6000     612.3400
   147.3000     489.8800
   138.0000     449.6200
   105.3000     345.5800
   107.8000     336.4000
   121.0000     482.4100
   108.3000     436.9700
   156.0000     574.6600
   140.2000     493.5200
   129.5000     591.1500
   101.3000     486.6300
   103.8000     478.2400
    97.0000     774.0100
   134.7000     746.3500
   164.8000     751.5800
   153.9000     822.5800
   137.4000     926.2400
   162.5000    1097.5800
   129.9000     881.3800
   143.7000     963.6700
   146.9000    1120.2400
   156.7000    1134.4600
   129.0000     930.2500
   137.1000    1000.8600
    73.8000     535.7000
    34.5000     241.8100
    46.2000     267.2900
    41.3000     267.2100
    40.8000     293.0500
    51.9000     362.0000
    73.9000     386.3600
    80.1000     535.0800
    73.4000     442.0300
    77.5000     533.1500
    45.4000     409.7900
    56.4000     423.8400
    65.6000     454.2500
    73.3000     512.0200
    69.2000     506.7600
    77.7000     545.9700
    64.2000     485.1100
    61.4000     454.8100
    67.2000     494.8700
    86.5000     617.0700
    92.9000     664.1100
    70.1000     518.2100
    66.3000     487.4500
    73.2000     519.8000
    69.8000     488.5600
    87.9000     614.6000
    88.8000     618.9300
   190.6000    1028.3500
   219.2000    1099.9500
   199.9000    1348.5500
   252.6000    1707.3800
   306.4000    2071.0000
   251.6000    1612.5900
   202.0000    1260.9800
   220.3000    1335.1500
   227.1000    1469.1700
   197.9000    1625.6300
   207.2000    1446.4000
   257.7000    1795.2000
   247.0000    1733.8500
   209.9320    1482.2340
   226.1390    1572.9330
   264.7360    1851.6360
   248.7300    1763.5030
   172.5630    1204.9480
     5.2680      32.4540
     0.6200       2.6630
     2.2390       9.9740
     3.0110      13.5640
     4.9940      22.8620
     7.7940      28.5910
     3.6510      20.6010
     3.5970      24.8220
     3.3930      21.7830
     6.5490      44.7780
     6.2240      37.8560
     2.5160      15.3280
     2.9690      16.7280
     4.2080      26.5150
     1.8540      11.5810
     0.1840       1.2300
     0.6680       6.0420
     0.6660       8.2770
     0.1490       5.7500
     5.9520      30.5000
     0.2930       3.6880
     0.1400       0.9500
     1.3610       7.6880
     3.4630      19.9040
     7.6620      54.2850
    11.6050      90.5950
     8.1160      67.7530
    10.2020      66.6190
     6.4760      38.4960
     6.3600      38.4210
     6.4390      36.3810
     4.0230      20.9410
     3.6620      21.1310
     4.7680      25.9460
     7.2870      41.0930
    10.3810      53.5090
     5.1960      31.1560
     6.4090      41.4000
    10.5870      66.7850
