  25.5000
   71.0000
   89.8000
   38.7000
   79.5000
   26.2000
   24.7000
   67.9000
   49.1000
   81.8000
   79.6000
   44.8000
   59.8000
   44.6000
   92.0000
   80.3000
  130.5000
   85.6000
   32.2000
   56.9000
   95.0000
   58.7000
   75.8000
   79.7000
   86.0000
   86.9000
  102.4000
  131.4000
  115.6000
   66.0000
   64.1000
  140.8000
   56.4000
   14.6000
   11.7000
   14.0000
   16.9000
   20.4000
    6.2000
   19.1000
   10.8000
    9.9000
   11.2000
   18.1000
    9.5000
   11.4000
   10.6000
   10.2000