                1.350            8.100
              465.000          423.000
               36.330          119.500
               27.660          115.000
                1.040            5.500
            11700.000           50.000
             2547.000         4603.000
              187.100          419.000
              521.000          655.000
               10.000          115.000
                3.300           25.600
              529.000          680.000
              207.000          406.000
               62.000         1320.000
             6654.000         5712.000
             9400.000           70.000
                6.800          179.000
               35.000           56.000
                0.120            1.000
                0.023            0.400
                2.500           12.100
               55.500          175.000
              100.000          157.000
               52.160          440.000
            87000.000          154.500
                0.280            1.900
                0.122            3.000
              192.000          180.000