1.2363109	0.73920913	2.0561148	2.3995179	3.5669905
0.4360411	2.0589679	1.6003358	2.799741	3.2852402
2.8197195	0.48077283	1.4227978	3.5212045	2.9048616
3.0634891	1.8562809	2.602419	3.1062439	0.90026239
2.7503609	2.2231522	2.2286394	2.7157879	3.4408645
1.1799513	1.8660832	1.1428943	4.8229077	3.1172456
1.9462357	2.5054584	0.43121561	1.5418724	0.92700679
3.0176735	2.1875594	2.2487263	1.8356729	-0.14327244
0.19305373	3.3261253	2.1934557	1.317111	1.1563117
2.0062279	1.2309912	2.0514973	1.3354316	0.80794978
1.7366951	2.1472006	0.1853502	1.0772789	1.7783563
3.2507267	0.46930733	0.63246734	1.0717155	0.1295568
2.6757525	1.3975808	2.2880308	1.0372867	2.5603839
1.3867212	2.2140472	1.6423656	2.1346131	1.3701103
1.4984985	0.56514993	2.1205278	0.23828282	2.0680717
2.0900732	0.615907	2.4238506	4.9852721	1.4749854
1.4902404	0.65163269	1.5672735	2.15381	-0.19748144
1.2663961	2.9769721	2.207079	1.4833228	3.10153
2.4730521	2.801028	1.9131019	3.5557749	1.3016042
1.6109916	2.1311013	4.8739251	1.779804	0.67746994
0.92200235	1.3203054	1.4864199	1.6564986	1.6895141
2.2500514	1.3669565	2.5544428	2.4300704	1.176049
2.6936808	1.3683409	-0.015701852	2.5560206	2.8961049
0.89128402	2.0726808	1.228649	0.86931881	1.9914014
3.2939033	1.9735122	2.3581864	0.34646379	1.5098857
1.1946497	3.2087159	3.0242323	1.8632978	2.0621296
1.5808648	2.4684518	1.929315	2.4826853	2.9695492
1.6128421	-0.64947937	1.5220885	0.34069839	1.1289718
4.7943416	2.0456843	4.7143045	0.99267135	0.34351631
0.65302745	2.0346318	1.0418043	1.2531791	1.6330189
2.1201626	2.8392371	1.4094329	2.3461543	0.25788666
0.42070334	3.741763	1.0537451	1.0931049	1.1582097
1.6681917	3.218051	3.1555578	1.250201	3.5003445
1.44954	2.6004154	1.113824	2.2852694	0.018431862
3.3489552	1.8880739	1.4239864	0.533404	1.7593227
2.1947227	1.8410507	1.6204232	3.163571	0.095322863
1.6658634	-0.22096691	-0.2477177	1.0994937	1.0885283
2.0962397	2.1578173	2.7488604	-0.11644031	1.6647565
4.3890258	-0.21819049	2.8554052	1.6644254	1.9641314
2.9583927	2.5145111	1.7737434	2.4384771	1.0461739
1.3397843	3.1738864	1.2777466	0.84526935	0.90189626
1.8815409	3.1457144	2.0888902	2.127035	1.4185435
1.880836	1.9246262	1.6656249	2.0171148	2.0492727
3.2605845	2.8604894	0.28726211	1.5279663	3.2435171
1.183767	2.4882577	3.3765644	2.4138434	1.855302
1.5584049	1.6027175	3.0614752	2.6712726	1.7446987
1.86455	0.99423442	2.1152986	1.9351332	1.162965
3.2753127	4.0754152	2.1077104	1.9058981	2.3384179
1.9875603	3.8746539	0.10089575	2.5016335	2.9487833
3.4066782	2.1533555	1.7605426	1.7925835	2.2349323
2.7545845	2.3567232	2.4168433	1.3815295	1.3944629
0.040798199	2.7711311	1.8694458	3.1405451	-0.080601433
3.8196741	-0.29025232	3.7685689	1.2326498	0.31312201
1.9575616	3.1867888	2.4007004	4.1747159	1.5612498
0.77216846	1.2876629	1.3765805	0.02852421	1.6595292
1.6157057	2.4257324	1.8063682	-0.087373272	1.6735865
1.8022329	2.8971889	-0.20246469	1.9723586	1.6829128
2.3102752	3.0341777	2.2806463	1.8635797	2.7639115
1.3234062	1.3687326	-0.23372486	0.861491	0.67575343
2.2949701	1.6886504	1.7549281	3.2566207	1.5422665
1.0383249	0.97524394	2.8039222	1.3047345	2.4306485
3.7123858	1.6587382	1.6112255	1.0424118	1.1835801
1.0685095	2.6066306	5.1745303	1.0639038	0.34382418
1.2701259	-0.59438382	2.9525311	0.24181134	2.2212175
1.5407292	1.2038928	2.4116128	0.017511779	0.37917429
0.081221697	2.3390677	3.1886078	1.6917629	2.1666994
1.5362832	2.2895358	1.7132846	1.8823327	1.7869638
0.93437941	2.5966119	1.3113071	0.81887044	2.3327302
0.69913596	2.1428259	3.548788	0.72973121	2.6076559
-0.075497265	1.3709195	2.9579746	1.9680865	3.0933356
1.1284909	4.8190959	2.1570376	0.25490312	1.009161
0.83742854	1.7849991	2.3402754	2.2020582	1.5719654
2.2572624	1.7066995	1.5584617	1.8200509	2.6879224
2.9731251	2.2870501	1.2375928	1.5038861	1.723351
1.745919	3.5194152	2.0560618	2.7251249	0.93586052
0.41791689	0.74089903	-0.015450334	1.3207078	2.6237076
1.8399144	2.9521624	1.369162	2.5214558	0.44373447
2.4683764	1.5311245	2.1124322	0.73711481	0.034868321
1.7868492	2.0380732	1.5974143	2.6211986	2.019617
1.7337688	1.2790687	2.2998187	1.1307912	1.3762522
2.0028141	2.5765822	1.4721755	1.1925182	3.1875924
2.4707189	0.85152412	1.4029424	0.58689253	2.1956269
2.340702	2.3315661	2.0127884	1.2311978	1.6664273
1.3559569	2.0482383	1.8783011	2.7545888	1.5088691
1.3763144	1.6519176	1.6953843	0.9469821	2.3863139
2.569384	0.55432399	1.1839636	2.4621797	3.8841234
1.696537	0.42097936	1.7010731	1.1629151	1.4201226
1.9869312	3.3957195	3.3027675	0.61870244	1.7366511
2.1314615	4.6956315	2.0974669	3.121428	2.4938199
3.938575	1.6373986	1.5701256	2.0483094	1.6712356
1.9257264	1.0827704	2.977191	3.1661555	1.5451042
1.6088625	1.0761266	2.7307345	2.6843282	1.1461093
0.7983349	1.9893744	3.1637215	1.9069875	2.7609535
2.6970532	0.86823255	3.6933209	2.508625	2.2731652
1.1547988	1.552791	0.82490153	1.9002534	2.1676954
1.0867811	2.8499239	-0.094685787	1.728215	3.0560611
1.1730073	0.97569548	2.9484305	1.023844	2.1874352
2.0840164	1.4219414	1.4815442	2.5984376	3.1118242
0.71712319	1.9289555	2.2833421	2.7913385	1.1553151
1.3916073	1.2581848	1.9992172	2.5490518	1.754238
1.9728646	0.41820986	0.94734967	2.5974047	2.0610863
2.1012234	2.221151	2.5995913	2.8389326	0.83171863
4.313055	2.9052824	2.6366397	1.8512446	1.1789921
1.0642817	3.2174101	1.2384883	1.3858804	0.60132675
1.3569801	0.20893019	2.2064299	3.3200171	3.5183536
2.3407725	0.21229688	3.5332765	1.2581791	1.6608843
0.83816535	3.311366	0.99798144	2.1524722	3.2628148
0.96680748	0.7487701	1.4419936	2.1277002	1.1946349
1.3743879	2.8997505	2.5963772	1.735459	1.2425469
0.24679073	2.3343935	1.6167889	1.3859486	1.385049
2.3327991	1.8578577	2.1272408	1.4837741	1.2035967
2.1006564	1.4485323	-0.19104717	3.0714998	-0.46463296
1.0261951	3.4282104	0.65445176	0.76553679	1.2589388
2.7882958	1.4248967	3.4888667	2.5743521	2.0667891
1.0773039	1.2701946	2.3003635	1.9079576	0.002360856
2.1750195	1.5014835	0.6229955	1.8097103	2.4516683
1.8836138	2.5998505	1.3625081	3.5465055	1.6811541
2.0172178	0.76586188	2.4409343	2.2085471	1.9397589
2.0037778	2.8387639	2.3739924	2.2292329	2.8690268
1.3595974	1.754659	0.72016206	1.2638652	2.3286619
2.4251577	1.064039	3.2091449	0.85893157	2.3577066
0.16740217	-0.70598576	2.7389699	-0.39064351	-0.51301855
2.896227	1.5853322	0.63400003	1.1113261	2.5658555
1.2714961	1.4518346	3.0701117	1.2875421	1.9831438
1.0403776	1.8690528	0.75543315	2.7978775	2.329669
2.4385543	3.6326716	1.3801575	2.1669618	0.19384125
3.0407869	4.1522107	0.49952199	2.1624487	1.8964203
2.078584	1.6823211	2.5815965	1.2957537	2.700136
1.9175334	1.4199116	2.043693	0.93012404	1.5996439
0.87605199	1.8940957	1.5319531	-0.018736149	1.9738389
2.2792341	1.0570654	1.7147412	1.7014808	1.1103335
1.2640967	2.0319653	2.2827397	0.079271964	1.2823543
1.1984207	0.72020651	1.7709202	-0.16874447	1.3674789
1.6700169	0.8449778	1.8781759	2.7271785	0.65540046
0.92204059	1.3474082	1.7660418	1.2627141	0.8410877
3.1747204	2.0442074	0.9205455	2.1667445	2.3946096
1.648876	1.4095018	1.3960782	2.4336001	1.0927073
1.9873334	1.551834	1.4437145	1.1707418	-0.025341355
1.6232408	1.0111164	2.3709619	1.7899321	2.486463
2.548323	2.8503141	2.082775	1.2790039	-0.2104519
0.72788516	1.5351251	0.95395189	-0.4286343	3.0904951
0.60533162	3.0488313	2.7577843	2.5860979	1.6651568
0.86158871	2.2937762	1.083047	0.093378112	0.24962554
1.5379342	1.2482699	1.247348	1.9055967	2.2995926
3.4939974	3.5745474	3.2839614	2.1226128	2.7064633
3.0598765	3.1651838	0.33765966	1.9532711	1.9731747
0.6389452	2.7115611	1.0292283	0.99216638	3.5679207
0.2468395	3.1895172	2.7660598	0.62083406	1.812145
1.2263853	1.8935895	0.36851311	3.4262926	1.3487438
2.4838794	2.2589062	1.3455886	3.1629275	1.5677614
2.5295126	3.055164	1.2236962	3.3457217	2.485909
0.95514722	0.68534976	1.6904878	0.85063801	1.2445269
0.74132231	1.5727693	1.4609675	2.2790063	0.28703035
1.3105967	0.032521224	1.4267549	3.5146298	2.7042386
1.9090458	1.5717782	2.455724	1.4671207	1.2983633
1.3517859	2.6845103	3.2514574	2.3151482	1.9389759
0.46881295	1.9595619	1.1968925	0.95731953	0.51284852
0.4507889	2.8092335	0.70829398	0.23720509	0.7282068
2.5261235	0.98929839	1.9906668	2.7305709	1.1638051
1.4978519	2.1163564	0.94001049	0.51128943	2.5239869
4.0720963	2.7444392	2.8254365	1.4150389	0.18288123
3.0152909	0.87119487	3.1698924	1.5539995	0.50843981
2.9742823	0.5766676	1.3532768	1.5705787	1.6081855
0.95964525	2.5423683	0.93041514	0.31721415	2.7036079
1.9848721	2.6649593	0.89876658	0.71427638	2.4225904
1.1607985	2.0554817	1.6058013	1.5238825	2.4909195
0.19636114	2.3584814	1.2027659	1.995251	0.78060757
1.9778179	0.98760735	1.8059913	1.8226727	1.3149267
1.4464179	0.6429606	1.7012351	3.5045491	2.9447489
1.7676644	0.91940852	1.9754175	0.73310307	1.419273
1.6493445	2.2305317	1.6202169	1.6860641	1.6345857
1.7484746	1.1257239	1.2482567	1.8562722	2.4087912
1.5398509	2.301251	3.5131306	1.0815247	1.6950866
1.2616005	1.7596445	1.5315765	2.0941404	2.8260118
0.98864024	2.0824509	1.9834369	1.8087196	2.7742075
0.2145781	1.9541012	3.2623874	2.0169483	1.1954237
4.4802509	2.084821	0.6484588	3.1048189	1.9056838
1.3997209	1.3946378	1.2443547	1.8270018	3.4204205
1.0944416	2.6428664	2.1084606	1.2603927	0.65652214
0.65124078	2.6565247	2.114593	1.424193	1.7038567
-0.068020744	1.4155299	0.82015646	1.9886244	2.3171706
1.7309955	1.1531871	1.6680259	3.0989305	2.6606713
1.6159589	1.3999774	1.3369659	1.3903599	0.42046563
3.8225346	3.2574122	3.4586846	0.90928252	2.3004231
2.3821744	2.745956	4.1828647	2.4489061	0.61174178
1.1526576	3.6811218	1.2522264	1.5311866	1.3567112
1.6187731	0.52429793	1.7460485	1.1464486	0.96049489
0.36641317	0.50117289	2.7496709	-0.31179662	1.4029402
2.2402056	2.0548532	1.2763085	2.8994519	1.1221941
3.0065567	0.72602873	2.4553353	-0.064036917	1.3296431
2.0939731	2.0821946	2.9546198	3.1560184	1.587706
2.8220463	0.77429834	2.6495043	2.209214	0.99102873
1.0989175	-0.3419362	2.3127616	2.4258616	1.1538002
1.3327279	1.3315972	2.9775382	1.7158295	2.7916832
1.5580377	1.129523	0.81367256	2.1640821	1.9671212
2.3493815	1.9119273	1.5504127	1.5787207	0.73443655
1.4207777	2.1388041	1.7075928	3.1463717	0.97353157
1.1589332	1.0009552	1.8093164	1.907785	1.7258002
-0.005105158	2.2742921	1.3793604	0.51821172	2.5216856
3.3787373	2.0798965	1.7098352	3.2353421	1.6587857
1.1485595	0.63400537	1.3553453	3.6159295	2.5758402
2.8336433	0.1430151	1.1409897	0.28234176	2.1277624
1.1011018	0.75205096	1.8050576	2.1935384	1.3265993
2.2519888	2.9306667	0.42847487	3.6354807	0.55683349
2.1652701	1.2907081	1.5128209	3.0746174	1.6646733
2.8854598	2.0016708	1.7551497	2.9767209	2.4396825
2.4664397	3.2761855	1.9843301	2.6007021	0.69016913
0.091320808	3.1069377	1.8099892	2.2046412	1.6302785
1.6684812	2.6178577	1.2303536	2.3975885	2.0959277
0.80291963	1.6418892	-0.76741228	2.9650022	3.7934539
1.7905186	3.3926032	1.8200775	1.6103208	4.0916491
1.7263459	2.2708434	1.2162602	3.6007027	2.9693829
4.1792288	2.3969361	3.0440107	1.6251583	1.6361015
1.0478313	1.8944727	1.3931459	2.8615226	1.8648788
0.81450191	2.5592386	0.63294847	0.58656713	3.1209761
1.8539885	3.2466083	1.4497958	2.8943584	1.0884304
2.500801	1.3000844	0.6661096	0.54517142	0.92365019
2.5686414	0.34652757	1.8234849	2.9489335	4.4793126
2.3475199	1.439791	2.184007	2.2686568	0.3921224
2.6605103	2.3062234	0.78016039	2.4857977	1.1653353
0.55136439	1.6919278	2.2614363	2.6539403	0.80160171
2.9268959	3.0113355	1.7161652	2.0886146	3.023281
0.71860474	2.3810333	1.1070355	3.0880481	0.82386823
1.6220631	1.1670423	1.658285	1.256436	1.7052305
2.1665334	0.49936271	1.6810457	1.3813018	2.021541
1.6952387	0.21691874	1.2576162	1.908835	0.20096758
2.4022705	0.82043844	2.6320942	0.27863252	1.9332375
1.4147946	3.1013456	1.4738616	-0.42668517	2.4161229
1.7922961	2.8279138	4.3764005	3.8316053	1.1526739
0.42694213	0.054393102	3.8755969	2.6753446	0.46470355
1.0274283	2.9771463	2.1637774	3.0696534	2.2357252
2.3820479	1.3915975	2.6555605	2.0467671	2.9436895
2.3436066	2.0667153	1.3254167	2.6980461	0.79653275
1.6832888	0.77555128	0.90683193	1.2320866	2.4541385
1.2742605	1.9688104	0.8121545	0.96919132	3.3226405
3.4792558	2.2252207	1.9721626	1.4015083	1.4308729
1.3108314	0.97302537	0.65054799	2.0467144	0.65362364
1.7138264	1.4776681	0.3780666	1.3710396	1.5071033
1.3659071	2.6352414	2.6802334	3.0516739	1.5669616
2.7426527	2.0966198	0.49057472	0.011443029	1.5959281
3.5834252	2.7127869	1.5899053	3.0095145	1.4185357
2.687488	-0.10207797	4.6972344	0.8225265	2.2077439
1.9661628	1.4678146	0.94107794	2.4518859	0.75844466
2.2826347	1.4678336	2.322547	0.48643822	1.2866192
1.7415983	3.5886322	1.5066126	1.4923477	0.058383095
1.8743599	0.64277269	-0.90616049	2.0444907	0.7410047
2.0597839	3.1295647	2.7365053	1.784277	1.7280133
1.7634647	3.1578587	-0.058662772	1.2153351	2.1807876
2.4397453	0.76409205	2.8108034	2.2745228	0.52846228
1.2022103	2.7763782	3.1993678	0.11187984	4.7434046
1.5642018	1.7770017	2.1074074	2.7748672	2.9062716
1.8547854	-1.1861534	1.6946486	3.0327965	1.1134128
2.1367779	2.889655	0.75359807	1.6344817	0.90363459
3.6930609	0.37354285	2.6637856	0.57801822	2.4460136
3.5040048	1.4357854	0.49757427	1.1795047	1.4811918
2.1117724	1.0284637	2.7147194	1.341824	1.1986725
0.5488024	2.2006942	0.31714556	2.0254736	3.108141
2.0064526	2.1361825	1.8603817	2.6506704	1.578608
1.5010637	2.4911573	0.47412266	1.8980053	3.2509991
-0.087600229	2.5220989	3.9611128	1.2669438	3.2091606
0.8460166	2.0466817	2.4249961	2.9734842	0.71030076
0.71845535	3.3800885	2.2007281	2.3235414	2.7652926
1.1369921	1.9800456	2.2242008	1.4070366	1.4395242
0.56762369	2.9885422	3.149074	1.3906463	1.1766253
1.9307613	0.7860256	3.0644353	0.80391643	2.2667578
4.7501341	1.474675	2.4691342	2.6887408	1.4327474
2.0942336	1.948063	0.78423415	-0.17739188	2.2617983
2.1369677	2.2359841	2.3327358	2.6740334	3.9212667
1.3161386	4.0301822	2.5011306	0.13120459	3.0589726
0.89660532	0.35452905	1.57658	1.7724372	1.8930019
0.93779671	1.0738916	3.0755956	1.4373551	3.183963
0.13836299	0.10228165	2.0537462	3.8466841	3.826404
4.117613	1.2293076	3.5818349	0.0541383	3.6352219
3.2298782	3.1543905	0.060588473	2.8930416	-0.068590958
1.9996513	1.8366982	4.1747268	2.3010611	2.5951673
4.7264332	2.4567274	2.7002142	2.3682002	1.1055144
1.9868542	2.3768824	0.96791724	2.1475704	2.2589485
1.4544516	1.2108848	1.6154787	0.11966014	2.9693725
0.47950018	2.2540079	3.1723228	1.7277334	1.8608842
1.0027742	2.5622234	2.3361021	1.6513842	3.4189388
2.9237935	1.2409653	0.51850786	3.0651135	2.1610093
1.3614858	2.5439693	2.5280262	2.1044016	2.8980135
0.9417901	1.2506729	4.7002085	1.7129265	0.92549625
3.360626	2.7942328	3.2141899	1.5639286	3.0426847
2.6340987	1.0215771	-0.007252678	3.2530659	1.4989193
3.9263373	2.1149178	1.3882582	2.0008154	1.5043314
2.0094676	2.2784885	2.572681	1.3634282	2.1977465
2.9832136	2.3635044	1.0488193	0.49533683	-0.28468194
1.7830645	1.4321869	0.78872586	2.2917172	2.809003
1.1433191	-0.24578933	3.3759428	-0.54782679	1.6592649
1.2113001	1.2425658	3.3990789	1.1501146	1.5215519
1.5258094	0.52566693	1.3246269	1.0855063	1.829753
0.15307633	2.7076876	1.200444	0.74629932	3.3102152
2.1257266	-0.48276114	2.2142204	2.8340018	2.6849157
3.305197	0.94159666	2.3601909	-0.96369003	2.5293786
1.1452779	2.1081627	3.1168155	0.57751867	1.1413428
1.9975433	1.1378138	0.78163631	2.3720604	-0.59208013
2.0943628	1.8964815	1.0328164	2.4071706	2.050749
2.0178988	-0.21799748	1.4431938	4.0573433	1.2429856
0.96156174	1.0557929	3.4266764	0.58210057	1.3651746
2.0223629	0.56795948	3.0613365	2.1936852	0.96393557
2.1661557	2.594627	2.5855999	0.98084806	2.8002062
2.7077724	2.2382702	3.3243266	0.93219262	1.9578795
3.1924357	3.8827675	-0.27097944	3.5178659	2.2663908
1.598119	2.6963043	1.5724933	2.3994065	1.861653
1.8903757	0.48057394	1.3605605	3.0294132	1.8678662
2.1048307	1.374016	1.1190117	2.5159683	2.9160562
2.5529969	1.3341895	4.0132136	2.0090737	4.0587216
0.37444046	1.1971616	3.5085139	1.9394298	1.2374294
3.1070105	1.2031486	-0.33034075	1.5414969	1.5538508
2.4317134	1.8352016	3.1816251	0.95527507	0.93757135
1.9283876	2.7235474	0.71408334	2.6817136	0.34299683
1.6303219	1.6530181	1.966386	2.4070708	0.47559077
1.9180611	1.6316304	3.1419489	1.5964099	4.1358896
1.7845234	1.0583302	1.9285375	0.6700484	2.6282132
1.6757892	0.58777306	2.0623591	2.4345329	1.5469805
0.023969726	1.787728	1.5374574	2.4440339	2.1915825
2.4647027	2.9617216	1.5003887	0.32243766	0.49887231
3.0288733	3.0096908	1.6664656	3.5018816	1.5116144
2.2776499	-0.13503271	2.8326855	1.3835334	0.026402933
1.6238495	0.68421609	0.20765009	2.348499	2.2680296
2.0251792	2.9611743	1.8389281	2.8144938	1.8509363
2.4511444	3.2970245	3.1365995	0.3759661	1.7725793
1.045958	2.1974028	2.2439702	2.0317289	1.9711507
2.0694042	2.4515025	2.7080058	2.4359975	0.73127918
1.8637222	1.8428354	2.3340608	1.7461246	1.8402267
1.1648666	2.3589576	-0.85774909	2.960752	1.9298936
1.6134446	0.77012039	2.8986622	3.0402107	2.3966081
1.5505022	0.36447652	2.1708292	2.1728398	1.7582138
3.819689	2.6767719	3.2810701	2.1789984	0.40630158
1.9201687	1.9588052	0.97789778	2.2844171	3.2266016
0.96481793	2.5110114	0.90963231	0.30028989	2.2341558
2.0191089	1.6481074	2.6790551	2.6217781	1.9340153
4.7785687	1.1269838	0.36089434	1.7536536	2.2953927
1.9506769	2.8058227	0.17314072	2.4864285	2.2628321
1.8326054	3.3100976	3.6351658	2.8904798	2.0243494
0.58127316	-0.34238784	0.89217155	3.9256115	2.996429
2.1480018	2.3259672	0.28442332	2.0131	2.4883251
2.2884781	1.4249506	2.1725058	3.0838521	1.1312351
1.3977981	0.89309644	3.0887402	1.6961672	1.6667883
5.0748625	1.0568996	0.71938021	3.5135821	1.0182756
-0.28240089	1.9375334	-0.028945827	2.3897881	0.44432176
1.908641	2.2865836	1.8320681	1.9260147	2.7381784
1.5945962	1.5964425	2.666889	-0.36905251	3.2561532
2.3402876	1.1460206	-0.000123651	1.3385227	3.1939748
2.2364008	1.0827895	1.437251	2.113565	1.5802093
1.9823298	1.9997239	2.7766047	0.655169	-0.44112358
1.367629	0.80533499	2.9408805	0.77395387	1.1841923
1.7566329	3.6068162	2.124983	2.539309	1.7252424
0.60369031	0.26910393	0.7245073	1.1878799	2.1789869
2.0776325	0.99926427	2.8541501	2.4114515	1.6774733
3.06507	2.0691538	0.68911498	2.3576803	2.0154894
0.77818203	4.7220185	1.8288831	1.8595301	1.4079361
-0.45612028	2.1671066	1.3696671	0.43428628	2.9280605
1.4738558	2.3421916	0.64718397	1.1862311	1.2767055
3.8231472	1.4834728	2.1035147	0.30582171	1.0350181
3.3992789	2.6447183	1.5839744	2.7962417	3.7000866
2.4602141	2.4265221	1.7255777	1.2106521	2.3655631
0.62437399	2.4420552	1.5811325	1.0499599	0.57807074
1.9428661	0.64349749	2.7654464	2.5095514	0.95705742
1.7609869	3.7052769	2.108347	2.3191722	2.6390011
2.8087243	1.162704	1.6911634	2.9952884	0.34561031
2.1789508	1.6744433	1.8493132	2.0037052	1.7995559
2.4007657	2.9593032	3.542329	0.95021136	0.94336086
-0.37004473	1.5128476	1.7580947	2.519994	0.39566101
-1.5624827	1.7189134	3.3581248	1.0580441	1.5578713
0.42098691	0.69660383	3.0975348	0.66105207	1.0994043
3.1517697	2.5465595	2.7986404	2.996046	3.0288819
0.83476765	1.9684432	1.7264111	0.21979658	2.2132486
2.9663759	2.0063018	1.0048408	1.7287074	2.1951933
1.2745803	2.5486118	0.79398109	0.96475607	0.84714605
3.0744903	1.7765486	2.0220248	-0.069787996	2.2522481
1.1991946	2.832223	3.0153981	1.6279109	-0.074625348
1.4177316	1.213545	1.8703332	3.3060448	1.5777808
4.8315823	-0.23373758	1.9373369	2.8311665	2.7426397
3.7382786	0.73306462	2.4975944	2.102688	1.7783602
1.7598386	2.6101805	1.1448351	1.2565035	1.2836691
0.97251047	1.5468072	2.0378722	2.1160339	3.6368228
2.0243885	2.3899283	1.9178711	2.4107238	0.11111481
0.90321054	2.7888892	1.7037104	0.52735235	1.9865177
1.8993097	0.23891059	0.68049605	1.518007	2.7795062
3.0864899	0.2756601	2.506593	2.0745816	1.7789452
1.6477792	0.41873228	1.7784537	1.5486571	1.955095
3.412243	2.0396259	0.60309802	1.2285897	1.197287
2.0298125	2.5518451	0.28145712	1.1941692	1.9636033
0.095983819	1.9599827	2.590899	2.4940369	3.5270105
2.9611952	2.6691131	1.3060885	0.90309217	1.7431689
1.712885	1.9098123	1.3292769	0.95990433	0.80618663
1.4743677	0.90159414	1.5101925	1.3095068	2.3770183
0.86595713	1.8767223	2.288006	2.0349353	2.3248808
2.1479374	0.59469755	1.0001917	0.32464614	1.0455087
3.1516401	1.8767929	1.4050519	1.2594055	0.31513044
0.67299265	1.8689445	2.4833332	2.3864358	3.2305039
1.5621578	-0.060436788	2.8122263	1.9815211	2.6890089
2.0527556	1.6740045	3.0348797	3.0665344	1.6894744
2.1607365	3.1554201	1.5970031	2.3326297	2.1139764
0.6707711	1.9353155	1.5307796	-0.92789695	2.3516386
1.4151659	2.1969014	2.281817	1.3288713	1.3466686
2.2986747	1.3303758	1.5443649	-0.2212129	1.2989837
3.6693101	1.7232595	0.50748152	1.384844	2.6035629
2.7348567	2.035442	3.0494549	2.8597243	2.1485234
2.3477757	1.6190196	1.5051104	1.0186212	2.0963695
1.7842847	0.89188981	1.3646268	3.9381228	2.1567468
0.53577059	-0.74211892	0.52859474	1.2383147	2.276864
2.3106726	-0.086744725	1.8094659	0.33177018	2.6330415
0.44507046	1.9309947	1.9261267	2.4710009	2.9242407
1.557012	1.8376995	1.760953	0.68968881	1.943841
2.8292226	0.77989587	-0.6620359	0.83290818	2.6993869
1.872814	0.15503787	2.8335962	1.4201593	4.7130936
2.1142285	3.3616112	1.4352035	2.4046689	2.7437377
1.9861183	-0.06769583	2.128217	2.1653059	1.7336182
2.5749434	2.7030747	0.95672189	1.5659969	2.5020978
1.3639756	2.1410533	0.90687182	1.3399523	2.6418565
2.2681681	-0.35882152	2.5255714	1.2720875	-0.82098818
1.5633458	1.9439352	-0.63998275	2.351353	1.3816181
2.0136549	1.0733685	1.0007388	3.376058	3.0502482
1.6276698	2.2680219	2.0983034	1.6061731	1.5134449
0.74360777	2.8265195	1.7104173	2.3428196	3.9730439
1.882313	1.989968	2.3150398	1.2252821	1.4385089
0.89249459	1.8609124	1.3952608	1.8794504	2.0304469
1.0406141	3.9215288	3.5981982	2.8719592	2.4459268
1.7271764	-0.087956133	0.69416889	2.0660315	3.8344335
1.5928166	1.6166015	2.2233402	1.302646	1.3462035
3.3622709	1.1232196	0.26715178	1.2903754	1.9436697
1.633038	3.6512345	2.2234075	1.1600398	2.2770573
2.3941011	2.0568065	0.63830499	0.75430007	1.3240422
0.95632901	1.6300409	3.3184444	0.73873807	1.1490007
1.3272274	1.592777	2.6753162	4.1906566	2.0650928
0.74365465	1.2439948	2.3941139	2.7989758	3.2945397
2.5534015	3.3330196	2.0569124	1.4001368	-1.2138625
-0.062453992	1.4954912	1.2635724	1.5168583	2.6308262
1.1672035	2.1239466	0.29308241	2.5021003	1.6778118
1.8022877	2.399046	1.2133593	1.5684731	0.29517684
2.0822587	-0.90761759	1.5214738	1.5198407	1.5385924
1.837167	1.2994816	2.8917458	2.7261784	3.8439081
3.4409071	3.2628305	3.5137257	1.0327563	2.8868521
0.63080565	2.8449574	2.3294148	1.9321756	2.3428928
2.475479	1.228131	1.7186382	2.5261941	2.4907259
0.95826676	3.6605658	2.0472224	2.7578618	2.0742173
2.2909132	3.3368169	0.51952933	2.4456067	1.4435084
2.5765888	1.8784538	1.1015792	1.5339473	2.3441846
1.6786077	2.0028156	0.60512918	1.7605956	2.6166079
2.4144386	0.86038525	2.1515686	0.088713698	0.32416729
1.9861512	3.0923339	0.85775712	1.5974747	3.0525854
0.50370897	2.2999315	2.8023012	1.4515737	1.4329828
1.1715189	1.5481808	0.54936476	-0.38990552	1.3527072
2.375434	2.3953528	1.4937786	1.6224245	0.38985276
1.6483589	1.9334438	3.0308461	0.36803435	0.57242763
1.4446252	2.4313895	2.4621855	2.4913996	2.8223963
2.7352024	0.65552062	3.8325563	1.2646153	2.2802526
3.8403993	-0.61247351	2.0849549	2.1476211	0.95105846
2.0528559	1.6088892	0.77120904	3.248805	1.4644639
1.9683922	2.4635733	3.2130627	2.1158572	2.1664833
0.50801718	2.3443667	-1.2905793	0.20677618	2.448208
2.7910611	3.266768	0.75467901	0.5150119	3.2626758
2.7391126	0.063852317	1.5823276	1.8006441	-1.0285283
2.1873855	2.4322748	3.1787407	2.6636603	0.83895532
0.64751447	2.530942	2.6687966	2.4383018	0.57249843
1.3569426	1.0724268	2.6161545	3.3695865	1.7518388
3.3761324	1.6467708	1.3702083	2.4011859	3.6454336
3.579582	2.4918935	1.726593	1.3105726	0.86528547
2.6505072	2.7538944	0.89024391	2.2759006	2.2867003
1.2969963	1.3754719	3.2984451	-2.95E-06	0.10157694
0.60345108	1.0735981	2.233575	1.4394079	3.0758513
1.3984214	3.1743291	-0.49290795	1.0440656	4.2950274
0.27252531	2.133973	2.0224307	1.0781015	1.1457514
0.78680078	2.3304348	2.5755396	2.7408024	0.91974087
1.9551265	0.49351104	-0.005657535	1.2524672	3.1759449
1.0750443	3.0894767	-0.11433635	3.5013701	1.8077679
2.9052097	0.57776843	-0.14000506	1.7670649	2.3243592
0.70605727	1.4968482	1.8961042	1.8950611	1.3854001
1.8513712	3.2134812	1.5606726	2.8738877	2.2750284
1.2683753	3.2331283	2.1603607	1.5514072	0.78974211
2.9861038	0.22232255	1.4268042	1.9721746	1.3361122
2.0299534	0.81993507	-0.66134151	1.4459067	1.7747779
1.2749446	1.782258	1.4043837	2.3135599	1.5325653
2.7524136	0.72857216	2.156299	3.9349217	1.2070367
3.7549647	1.8780012	0.36806727	2.1095103	2.1187616
3.0652914	1.0569423	2.748504	0.80699819	1.9784727
1.0583377	2.3195343	0.79694557	1.691645	3.7299446
3.2553161	2.6876574	0.25195705	1.8724743	3.1425354
0.77264265	1.1396706	1.5528003	1.8920312	1.5029825
1.9737782	1.4707634	0.19873209	0.82305594	2.0066332
1.621019	2.2976942	1.1591438	2.2157116	2.4815858
2.3511059	1.454751	3.2374646	2.5645959	0.47315827
2.2849443	2.1017925	2.3314564	1.9022774	2.3917392
1.6867162	2.8428632	2.3856882	3.531125	0.81176154
2.7282254	0.63671593	0.68476858	0.61764317	1.3596636
1.5939451	-0.81483981	1.8616535	1.7310324	1.0209291
3.1751695	-0.21871881	-0.18941313	2.8116869	3.1861037
3.2392937	2.6228444	2.6291283	2.8313054	2.8145137
1.7384308	1.2995692	2.5858222	2.1878455	3.222814
1.1936238	2.1611315	0.51617197	1.3939474	3.5917455
2.2232169	2.0264512	1.7513021	1.4320549	1.2345814
2.0264007	0.59575685	1.283839	1.9750725	1.428533
1.190208	1.3206093	2.8822841	0.62139101	1.4535036
0.4737514	0.62869786	2.4272839	1.7577525	2.3053577
0.19664426	2.1044466	0.96902043	2.0999895	1.1932511
0.91978334	2.8238904	1.3392343	0.81192824	1.7136509
0.055469195	2.1162858	2.0909991	2.0653059	3.9414787
-0.5520026	0.44809982	-0.050252257	0.54790213	-1.2588598
-0.68712643	1.5451755	-0.038686897	1.6099566	0.36649666
0.89050489	-1.4690001	1.9106353	-0.42073595	-0.83376187
0.25075077	1.8839135	1.3938683	0.52053603	1.2694362
1.2301068	0.38708869	-0.96628334	-2.3740776	-0.41452647
0.58880144	0.53698647	0.32169683	0.85628992	-1.6924321
-1.9919208	-0.3607828	-0.20364979	-0.77860567	-2.5752624
0.59866182	-0.036007185	0.049780613	-2.8955485	-1.0805361
0.43252601	1.2394577	0.61281781	1.9816011	0.48153013
-0.031225822	-0.74603907	0.26160169	0.3307728	0.92667768
1.0685374	-0.86130926	0.53780579	-0.65737936	1.1449989
-1.2154363	-1.1503004	-1.2393186	-0.062791772	1.1484662
1.2256915	-0.17376879	0.34101501	-0.45819426	0.3223702
1.0167957	1.8855651	1.552037	1.377856	0.54467034
0.36200406	-1.5605318	0.070577301	0.59142154	-0.57522083
-1.3102881	0.9672091	0.13714674	0.634521	-1.5186056
-0.72943017	-0.066014978	-0.072552801	-0.78750009	1.0843752
-0.27451736	-1.7425364	0.61536663	-0.15647667	-0.45742918
0.029942237	-0.3019409	-1.7590803	0.68581191	0.65066184
0.45218846	-0.38426404	-1.3433778	0.39004083	-0.11124519
0.5906766	0.04245436	-0.62983347	-0.41038539	0.39732045
-0.14602734	1.3207184	0.8162626	0.37029135	-0.036709686
0.092539177	0.92149638	-1.6612806	1.8502929	-0.72837563
-1.2389639	-0.41979063	0.13748032	0.68980532	-1.3816792
-1.1039075	-0.038346824	-0.70558756	-0.21675356	0.77069635
0.94068075	0.28546996	0.80089929	1.2341702	-0.97685384
-1.4167665	0.39381592	0.36113307	1.8006123	0.32171725
-0.41215024	1.518825	0.051153409	1.2635079	-0.87279179
-0.40845463	0.7733551	-2.5882382	-1.8680474	-1.0865242
-0.98767263	-0.19705738	-0.19026317	0.11695736	0.30879891
0.69696698	-1.0401919	-0.22355666	-0.76645395	0.17212866
2.3480843	-0.74464686	-1.0690289	-0.18529495	-1.0304576
0.97498486	0.87598224	-1.116212	-0.23342895	-0.15805108
0.80984479	-2.3816437	-1.8655627	0.17298953	1.0157804
-0.64561541	-0.53329045	-0.012042704	-1.3681549	1.8582973
-0.55299207	0.3926559	0.29258849	-1.8238203	-0.092221597
-0.18153024	0.95198997	-0.73671691	0.2870235	-0.4571853
-0.2619285	-0.15109058	0.1505083	0.23055412	-0.3711531
0.40803907	3.0053026	0.33312209	-0.72471593	-0.87163216
0.4385368	-0.88253505	0.64488964	-2.8766531	0.10306535
0.70167707	0.73231074	-2.6530055	-0.52127192	-0.65410119
-0.50416391	0.12967986	0.59390033	-1.0011304	1.9902894
-1.4861672	1.664792	-0.62214452	0.18392473	0.86865864
-0.57756187	1.7985115	-0.95236114	-1.8691738	-0.15232425
-1.7954608	0.47909406	-0.84348367	-1.2144561	-0.66855743
-0.66068929	-0.24864453	1.1208319	-0.27990239	0.37370265
-1.4405554	0.71450927	-0.094856263	-0.033037498	0.017395785
-1.7595899	-1.2026357	0.040232789	-0.90725978	0.25808575
0.79409237	-0.10216246	-0.66700693	-0.2151668	0.50906522
1.0336403	-1.1955921	0.69350566	0.3279149	2.4270995
-0.25541117	-0.5422846	0.53593493	-0.95079841	-0.93996876
0.16330856	1.22327	0.58247863	0.73004121	0.50330004
-0.040745589	-0.84168018	0.49521222	0.17234405	0.3440073
0.30898125	1.0527237	0.57582428	-2.329009	0.45712661
0.34592524	-0.18002958	0.46717161	-1.2407518	-1.7106992
-1.3202327	-1.1345606	-0.44293692	0.7293104	-0.16806821
0.47619263	1.1650894	0.50325228	0.83231319	-0.38504013
-0.2800652	0.14860348	0.17130969	-1.0123867	-0.90981126
-1.0147084	-0.78386594	0.87116146	-1.5775573	-0.54146063
2.3886518	-0.70621542	0.79428006	0.94623424	-0.81062697
1.7059139	-0.86314064	0.33895903	1.8230252	-0.39837387
-0.43749553	0.58137825	-1.0799678	-2.7490954	-1.2172712
0.32189996	-0.77340104	-0.073592448	0.13259366	0.21117715
-0.40477131	0.242258	0.71199305	0.5632833	0.34406535
0.62458806	0.22241454	1.5349853	-2.3727803	2.7607429
-0.75612645	-0.47576356	0.078794746	0.53160824	-1.186513
1.7107028	-1.1445105	0.75961963	-0.74050014	-0.44613068
0.37521088	-0.27397018	-1.2121302	-1.3708657	-0.16774922
0.4045812	-0.18322032	0.04645162	0.22926093	0.26590163
1.6850007	-0.14608095	0.30842504	0.96846654	0.82351956
-2.0244063	0.53128005	0.3187161	0.86919929	-0.99331794
-0.14894607	-0.051018659	-1.7137746	-0.22799429	-0.70401848
1.0184443	-0.55019417	0.73363173	1.0470356	0.71526345
0.063313909	-0.37216538	1.4642931	-0.033137956	1.8627172
2.1675122	-1.4338601	-0.7951292	-1.0189242	-0.81604512
-0.035051851	0.19681748	-2.006535	0.94481774	1.0205095
0.01937891	-0.46842012	1.0949546	0.38910577	-0.27993065
0.95479608	-2.1153532	-0.71610687	0.8136208	-0.67838424
-0.62655915	0.09962961	-1.0570398	-0.73419048	0.12958462
0.2329551	-1.2687833	-0.34521265	0.4155239	-3.845247
-1.0874178	1.987912	-1.5954194	0.032441315	2.3909575
0.30872628	-0.33634177	-0.48789671	-0.61316526	-3.3495075
-0.97142605	2.341738	-1.3940129	0.9768527	-0.71363822
-1.5384622	1.2461852	0.80195652	0.38000179	-0.45064675
0.51714918	-1.3332316	-1.5041558	0.84932298	-0.62626811
0.606068	-0.65024709	-0.50472566	-2.0993209	-2.3307164
2.2510865	1.2874737	0.43482167	-2.1987544	0.82226257
0.18668797	0.62282273	1.459409	-0.49410999	-1.3397634
-0.41508215	-0.082396387	-0.4866105	0.56562907	0.54330012
0.68612637	-1.9102731	0.078941423	-1.0471347	-2.3510292
-1.8350134	0.24400393	-2.2652828	0.022018414	0.81955175
-0.84046453	1.1511062	-0.32375255	-0.40532717	0.65046006
1.4500183	-1.5262201	0.82815	-0.42123771	0.091415138
-0.071147868	-0.77453506	0.37164805	-1.5609173	1.2150377
0.84885564	-0.41787907	-1.9985342	-1.5995877	0.36535908
1.23823	-0.5279524	1.5760789	0.002301263	-0.69228537
-0.10107287	-0.80655492	-0.7089769	0.9905848	-0.11822884
0.14150187	0.048656231	-0.77222163	-0.60943145	0.72352263
-0.82071221	0.59160569	1.4831025	0.73292279	-0.81199712
1.1389657	0.15120328	0.70457169	-0.81100479	0.38451903
0.21061894	0.47920576	-0.099316281	-0.036971976	1.7200379
-0.84865425	-1.3833758	-2.0925069	-0.52469626	-0.60276259
0.45462909	1.0539114	-0.63267232	0.45010139	0.014983909
0.5419989	-0.94953253	-1.0512455	-0.11607671	-1.3438078
-0.42751332	0.24086166	-0.065693338	0.91844552	1.4638823
-1.1514666	-0.57826562	-0.68888561	-0.37539455	-0.21467075
1.3985691	-0.088253218	-0.3363565	-1.8891861	0.82501385
0.49273872	0.053613913	0.66297762	0.020427128	-1.1365789
-0.25918738	0.85084971	-1.9430193	-1.328175	0.90299982
-0.51175093	-0.099286111	-0.65762618	-0.87985705	-0.92648124
1.7031662	-0.021844662	-0.75302208	-1.2815466	0.94441734
0.65443885	1.3213862	0.57922361	-0.71373123	0.72005576
-1.8735898	-2.3746334	-1.0276395	0.38796169	-1.6501104
0.91769925	-1.3744209	-1.0342281	0.53234218	-0.6503755
0.61653762	0.16500027	-1.2000975	0.42506562	0.49206111
-1.3589347	0.29594204	1.3872279	-0.73084617	0.2079715
-0.87243204	0.025555413	1.1104004	-1.0753187	-0.26853298
-1.1322044	-0.084963169	-1.8486208	-0.29807397	0.9051479
0.061810327	0.20997169	0.87710496	0.12575858	-1.3016817
1.3222085	-0.85165302	-0.68423284	0.72988642	-2.3138855
-0.50247076	-1.2035402	1.1711538	-2.7732282	-0.1509565
-0.37392774	-1.5527968	-0.25353617	0.51469782	0.55773616
1.1497042	-0.093695711	-1.2254294	1.7689168	1.6559413
1.2334491	-0.16818087	-0.60851842	0.51739548	-0.015893567
0.3528576	-0.87010441	-0.13359504	-1.0103833	0.5413522
0.24314091	0.7477103	-1.1073122	0.85871492	0.82867152
1.1899334	-0.39451423	-0.15169009	0.61319316	0.10343338
-0.54355939	0.11077583	0.26978799	0.46513524	-0.055054148
-0.89226404	0.74849271	0.12896645	-1.3692584	-0.7263836
-0.22202055	-0.8796436	1.6889135	0.49910232	-1.5124933
2.3107994	-1.8386696	0.41146671	-0.8380608	0.056887468
0.14016192	1.998523	0.91634304	1.4084675	-0.91294214
-0.62178845	0.79847568	0.27460675	-0.63816284	-1.3019127
0.23798244	-0.37374342	1.6846294	0.61792419	0.17723138
-0.91269879	-1.1128489	-0.63681384	-0.047375185	-1.1719584
0.58707339	-0.008371243	0.27222695	-2.1310658	-0.88326385
-0.50377419	0.49038356	1.4366067	-0.85113027	-0.87836254
0.53811755	-0.86673309	-1.207575	0.079129631	0.72349511
2.2155209	2.153683	1.7844025	-0.327185	1.4905719
1.7802765	-1.5177072	0.79234183	-0.52076101	0.17120633
0.47513024	-0.63326537	0.85321287	0.40419092	-1.0503877
-0.65917424	0.67737475	0.95233817	-0.9390904	-1.0951238
-1.1657803	-0.66494506	-1.2764564	0.42215127	-0.95198844
-0.62179303	-0.36010505	1.724254	1.1527905	-2.0106852
0.71119836	0.3185583	-0.41649452	0.6376167	1.5202657
-1.7007108	1.325881	1.2042865	0.1925961	0.33022606
-0.16313904	0.024049294	0.36571694	-0.2051	2.1320712
0.040601148	-0.091796461	-1.794752	-0.77424174	0.3508147
-0.12187371	1.4016401	-0.35483718	-1.7961233	0.5301098
-0.042120262	1.0032299	-1.1255447	0.15585015	-1.1606197
0.17838491	0.66845571	0.93768964	1.3379693	-0.77537012
-1.8268129	-0.15879743	1.9696756	-1.5206472	1.3800721
-0.42175895	-0.56650912	1.3659725	2.1318896	-0.85561837
-0.82281183	0.377845	-0.86577742	-0.5698563	-2.0103574
-1.2445455	-0.32230137	0.17517899	0.027069446	0.48942303
0.65578832	0.084500355	0.20391091	-0.68507022	-1.4741489
-0.59317446	0.25926099	-1.6620938	-1.7499126	1.3740359
-1.5717476	-0.14499981	0.24981873	0.1796085	-0.40035283
0.42338485	-0.12535838	1.1656482	-0.01787101	0.3601876
-0.61030322	0.46188106	0.004622501	0.057820521	0.80827859
-0.7676342	-0.21074242	0.68720372	0.48145275	-0.6278128
0.34567763	-0.98407056	0.24937132	0.59363292	-0.45638075
0.38901303	0.17810444	-0.63316663	1.2341276	1.1416898
0.40187424	0.71869198	0.56261917	1.4635112	-1.611125
0.75170875	-0.20019095	0.85942429	1.3033249	0.93505006
-1.5458956	1.8754324	1.2290478	0.25496729	0.26776474
-0.86224375	1.2976547	-0.4273465	-0.52996235	1.3159277
-1.0641069	-0.059568204	1.3895722	-1.232519	-0.9326745
-0.067474812	1.7120515	-0.045887007	0.71280478	-0.24257774
-0.62571645	-1.9373224	-0.71224274	1.130201	-1.5300481
-2.3560328	1.8628808	-0.25344551	0.52878874	-0.36085057
0.95789906	-0.93829382	-1.9435513	1.9106282	0.46107541
0.70288798	1.4128678	0.86229888	-0.27622166	1.5671505
1.1296454	-0.64715786	-0.57066605	-0.48458378	-1.0063559
0.22171605	0.85523486	0.89299519	0.30429806	0.20359133
2.0020056	0.014286245	0.77089433	0.26935295	-1.4872252
-0.26435085	-1.7714073	0.12938227	-1.06031	0.024265088
-0.765801	-1.3129479	0.13726607	-0.12876029	-0.70530778
-0.62146592	0.82772218	-1.6334143	-0.79488207	-0.060665016
1.1138394	1.7991917	1.292032	-1.7307527	0.6903092
1.2417097	-0.24828648	-2.2627344	0.65132353	0.074987328
-0.61672471	0.16266192	-0.37345498	-0.28085151	-1.1227858
-0.94983936	-1.5246356	-1.0275702	-0.44977475	2.0283558
-0.85855602	0.55701416	0.0644847	-1.2075916	-0.75953511
-1.2890406	-0.16442049	0.17027818	-0.33167393	1.2624265
-0.50367459	0.06708872	-1.458058	0.1384939	0.21759075
0.90457554	-0.79029686	-0.4379752	0.49582881	0.21040653
-0.71481232	-0.78335624	0.66969659	-0.75876359	-1.6398611
-2.5579478	1.5171011	-0.26975884	1.3138402	0.50907701
0.13098629	0.98368123	-0.95623234	-1.0687786	0.65918376
1.5267061	-1.019859	0.23795031	0.15349647	-0.28777573
0.75052203	1.872555	-0.48925632	1.305867	-1.4406153
0.41036425	-0.14888507	-2.1207144	0.65424377	1.3591415
1.3047781	0.38063046	0.9142566	-0.28842278	-0.05796855
-1.2026813	0.091441643	-0.025132742	0.71957781	0.91879
-1.8488888	-0.33566452	0.32537401	0.020057445	-0.63560828
-0.079787647	-0.77390956	-0.89487066	-1.4233554	0.66543975
-0.31377919	0.24813432	-0.8838376	-0.68252545	1.0530231
0.17008725	-1.5578763	-1.0540081	0.11696721	0.35353906
0.90652354	-1.2846734	1.7741739	-1.666046	-1.1945326
0.14357811	-0.42826479	-0.87282438	-0.54834045	0.51302382
0.98043423	0.86076226	-0.81466018	-0.1756654	-0.26603701
0.13466494	0.66730599	1.1205389	0.14021448	1.0181446
1.1181472	-1.616354	-2.6802398	-1.2891931	0.35351384
0.68251135	-0.48758514	-0.26573387	-1.603562	-1.3838825
1.021565	-0.40549391	-1.5361019	-1.3092311	1.1150455
2.2500036	2.0255776	-0.14279327	-0.5600767	0.32519887
-1.0009659	-0.75381745	2.4589722	1.5947277	-0.80082821
1.0493864	-0.46909351	-0.58750581	-0.27970486	0.83591695
-1.0234054	-0.23980355	-0.20978823	-0.075267816	-1.081653
-1.0634142	1.5058711	0.83200543	1.3938442	0.64350588
0.22693282	-0.61498416	-0.12297539	0.2746211	-0.72075394
-0.20093026	-1.9324366	0.76484453	0.68483013	0.561357
-0.058789502	-0.43412263	1.5221102	-0.5646888	-0.45793274
-0.27605299	0.31318763	-0.27572012	-0.44298174	-1.4861199
-0.44837815	0.23152591	0.90198465	0.86737976	0.44395994
0.84719621	0.7688124	0.97383962	-0.21467434	0.76235519
1.3080108	-1.2038437	1.0385559	-1.1635438	1.4446099
-0.032171691	0.70233128	-0.3264796	0.68007813	-0.1557191
-1.253194	-0.35969006	2.3474933	-0.97745627	-0.89959758
1.1779188	-0.39323601	1.0190858	0.75287971	0.56470079
0.4865101	-0.33719196	0.058031825	-0.56818635	0.37055308
-1.1776955	0.26622022	-0.069643896	0.14784332	-1.0188598
-0.47741392	0.22318216	0.55631837	0.80512821	-2.1682204
-0.8787983	1.8811538	-0.028775832	0.098849875	-0.55687905
0.11009016	0.59172617	-1.3107915	-0.73522335	-0.46710977
-0.38150564	-1.7926748	0.005241467	-0.72748029	0.093541684
0.28985506	0.99731041	-0.25768537	-0.97260234	0.72729225
0.10860469	0.8819568	-0.24417093	-1.2074892	0.8103761
0.62022466	-0.34226481	0.19642946	-0.49554121	-0.56154603
-1.4540483	0.66989579	1.2135923	0.42497335	1.5674737
-0.92432521	0.1741057	0.49714627	-0.097040351	-0.34610289
1.4747746	-0.035365246	0.32288458	0.42185716	0.55063535
-2.8190272	-1.0126072	0.76379261	1.1949115	-1.8005942
0.82013634	-2.0147598	-1.1187157	-0.41061811	0.39131895
0.60495796	-0.10623345	1.7733528	1.2762643	0.25189581
0.11687272	-1.3063163	0.15125452	-0.47261976	-1.6720295
-2.0912246	0.81314902	-1.4312682	-1.2924412	-1.2465499
-1.8304895	0.51699288	-0.58651212	-0.38815048	0.2774972
0.21478448	0.20458701	-0.68124723	0.0096434	0.091232296
-0.67524971	-0.66257862	-0.009934786	0.99406323	1.2266566
-0.22472801	-0.4911931	0.73692942	-0.50334036	0.60814793
1.2486675	-0.98229903	-0.7541116	0.1208238	-2.0245578
-0.083954475	-1.3713442	-1.1342817	-0.023599873	-0.64374175
-0.10027837	-0.30507447	-0.18388643	0.7057608	-0.42426566
1.3293626	-0.13572066	0.058904816	0.2310673	-0.013731738
-0.70143814	-0.1530911	-1.3585959	0.87891238	1.8593633
-1.1874076	1.589684	-1.3311906	1.0167767	-0.65818475
-1.177181	0.83564879	-0.20511275	-0.099877219	1.1993533
0.009665266	-0.32296913	-1.9494674	-1.0648621	-0.75969138
0.60731029	0.24850486	-0.1201958	-2.0884301	-0.005024697
-0.87378303	0.59613351	0.008089659	0.14612232	0.33910816
1.6461255	-0.4408531	2.0127253	0.79746297	0.79804937
0.21532083	-1.6753905	1.0120575	0.70532075	-0.41761448
-0.23829918	1.0837747	-0.77855309	-0.0990889	0.20768191
-0.5588239	-0.92024737	1.3036068	-0.092372292	-2.4428953
-1.2088301	-0.84999622	2.3761957	0.15630955	0.64103017
-0.31687852	0.38947406	-1.162819	0.39782557	-1.7505251
-1.3954222	-0.59829634	-0.017435858	0.38309729	0.58265273
-1.6156253	-0.44089409	0.28992234	0.64042522	1.2972531
-0.088814908	-0.70388183	-0.12618212	-1.7838852	0.62817532
-0.76724437	0.000166202	0.51967716	-1.5201688	-0.2999123
-0.2802649	0.16597917	-0.78803066	0.70772556	1.2624683
0.084237406	0.75435641	-0.89289548	-0.79784357	-0.50413987
-0.10406536	-1.9247995	-0.87770158	-0.61679942	0.59878799
-2.0137358	0.066096685	-1.0150077	-1.1524862	-0.048882065
-0.7795879	-1.5319105	0.85044007	-0.37257167	-0.24591815
-0.58263998	-2.1775222	0.060337633	-1.8381198	-0.46941585
0.43004012	-0.92366519	-0.16561893	1.3352298	1.6913194
-0.22603766	-1.7873066	0.8766692	0.64331425	0.036483265
0.70126364	-0.63110821	0.67851922	-2.0881191	-2.9104997
-0.62795834	-1.3542224	-0.45102534	-0.026644143	-1.493779
-0.92527919	-1.4076045	0.54224075	-1.2249726	1.2191113
-0.87344053	-0.56268877	1.1735794	-0.69461142	1.7066596
0.65199787	-0.56942963	1.9244953	-0.81937943	0.00347368
-0.42994601	-0.55570396	-0.25557121	0.66428919	0.35290643
0.042589744	-0.74079605	-0.28681083	-0.64671848	-0.046435839
1.3661679	-0.7121066	0.037599279	-1.4654375	1.0907138
0.71420754	-0.96898653	0.20241021	0.53954617	-2.4842041
0.70458634	-0.72246078	-0.44358682	0.81179148	-0.25777608
0.63433082	2.3515011	0.42078148	0.61088298	0.33078998
-1.4120558	0.29526026	1.2252538	-0.6635276	-1.8207491
-1.2459435	1.4475738	-0.92595332	1.1995496	-1.570082
-2.2741627	-0.20144452	0.24754001	-0.005138647	-0.3678971
1.1461914	1.4163955	-0.60904086	-0.75354551	-1.6845879
1.3363072	-1.2661863	-1.6834606	0.51634412	1.8841214
0.60658376	0.8838178	0.81390643	-0.18625645	-0.06797831
-0.35498715	0.007725933	-0.25887264	-1.0502313	-0.65727186
0.60956015	-0.012601967	-1.823809	0.95353981	0.23469208
0.71495509	-0.39997065	-1.8307664	1.0367009	-0.57466703
-0.6028098	-1.5494779	1.3937729	0.77822728	-0.56437287
-0.24666906	0.33594968	0.61646377	2.9196971	1.6376031
0.70294165	-1.6818562	1.1405852	-1.5625558	-0.53573302
-0.050355677	0.62765977	0.51355339	-0.83483032	0.21183937
-0.16703745	0.44385176	0.62846733	-0.64347484	-0.052894738
-0.63339501	0.82329343	-0.99756198	-0.17210053	-1.0663407
-0.014843023	-0.99254247	-0.61664613	2.0302753	-0.092741062
0.63642287	0.21013389	-1.0896915	-0.18430396	0.78398546
-0.11431631	-0.3130058	-1.4260343	0.1055068	-0.61092007
1.4369941	1.3236023	-0.66997584	0.12754139	1.7507795
0.67530544	-0.2255158	1.5946282	1.5724734	1.7304921
0.46009551	-0.43316319	-1.6634938	1.6845546	-0.91551542
-1.3730625	1.2780832	0.61337006	-0.16269805	1.124037
0.29353849	-0.69576667	0.12258941	1.4875368	1.1133294
-2.2289752	1.0746813	0.47376354	-0.20338237	-0.30403179
1.6210277	-0.64391315	0.34676092	-0.76887813	0.30690266
-0.13391229	1.0892436	1.2679448	0.51219666	-0.57408469
-0.63818626	0.86718717	-0.72413093	1.3643052	-0.71605116
0.43317151	0.19331007	-0.41695527	-0.58148527	0.24208041
-1.0010791	-0.51042022	1.9047041	-0.77104886	0.41247406
0.93155801	-0.2695068	-0.48528221	-0.3572084	-0.44028694
-0.46203993	-0.38757209	-2.1756709	-1.5566659	-1.1527455
0.25036264	-0.006130703	0.5337332	0.23054568	-0.79508283
-1.4789601	-0.024486728	-1.3730511	0.69535649	-1.1351929
0.21109799	0.2836771	0.90691868	-0.56917501	-0.001134978
2.3414605	-0.081523532	0.65953898	-0.67325208	0.45615117
1.4963076	-0.97694505	1.0480255	-0.20920573	-0.31885714
0.28275948	-0.72636734	0.34716952	-0.31713412	-0.025806739
-0.83638008	0.13565095	0.4947667	-0.26068713	-0.83807888
-0.61878967	0.14908091	0.81141058	-0.49032521	0.92408245
0.42267991	-0.81748337	-0.73483867	-0.32006643	0.26669812
-0.42037684	0.3103961	-1.8191626	-0.23112865	1.7824313
-0.43644831	-1.6629401	-1.3334641	0.033620983	-0.93025009
-3.0024886	0.6779916	-0.4882683	0.20423707	1.2396664
-0.62958521	1.142698	0.72035326	-1.6984818	1.8483295
1.0269778	-0.76627461	-1.1594098	1.3383444	-0.9712943
-0.80737761	0.55618984	0.30567057	1.7212668	-0.018940708
1.9988982	0.051016646	-0.14077813	0.37665901	0.20985244
0.73601798	-0.29733052	-0.26906996	0.30944176	0.11394293
0.12243989	0.20966924	-0.078120038	0.81686644	0.20938375
0.30443564	-1.8862892	0.58353902	1.0601469	-0.67952048
1.0208785	-0.068949708	-0.12484271	-0.21519647	0.45223079
0.36590226	-1.1059794	-1.1248832	1.3865021	0.36622399
-0.77219705	-0.7857868	1.3649081	-0.15380583	0.23965442
-0.94209435	0.11990073	-1.5557064	0.18284832	0.52097854
0.2214697	-1.4472037	-1.2418421	-0.32356197	-0.41179084
0.39008867	-1.8582436	-0.53929204	0.28782662	-0.032831531
-1.1204168	-1.9373759	-1.5305339	-0.16716954	0.23366837
-0.4678421	1.3516071	-0.84500126	0.72922956	0.55356965
0.10288429	0.76242914	-0.39470319	-1.6795884	1.0614793
-0.054717419	-0.93983946	-0.93994165	-0.84807832	0.31576752
-0.70072262	0.32474208	0.30383677	1.618547	-0.79063282
-1.3298532	0.23206839	0.7272145	0.99548005	-0.21915623
-0.75857535	2.4147743	-1.7265138	-0.31828417	0.17350429
-0.357605	2.0890494	0.78434701	-1.7363596	-1.9724849
-0.12790041	-0.17735441	0.60560274	-0.89334907	1.1911904
0.53788556	-0.45526192	-0.42468958	0.1236472	-0.27840749
1.0035879	0.47738073	0.308385	0.075043603	-1.7048794
-0.53731862	-2.8720505	-0.95655819	0.094775434	-0.66690357
0.88231872	0.050589718	-0.80407831	-0.1932598	-0.90916071
0.059050864	-1.1965103	1.0488575	-1.7987005	1.1550533
0.37754858	-0.36480829	1.1541091	0.5522935	-0.15892895
1.6724551	-1.4568564	-0.49147098	-0.042601516	-0.36358351
-0.48042733	0.73169429	0.4382856	0.040100845	-1.0879717
-0.75789953	2.2626383	1.708057	2.3122682	1.150664
-0.57886149	1.3859004	-2.3153021	1.7705991	0.81440351
1.2709534	1.6155089	0.61202427	-0.41832014	-0.71768366
0.63031756	0.51619597	2.598707	0.34280508	-0.82372526
-0.73192076	-1.9445475	-0.31047297	1.3233465	-0.25844202
-0.84586954	-0.47976724	-1.2477974	0.39995267	0.04317609
0.43059434	-0.41817353	-1.3167057	-0.034242336	1.302948
-1.8177035	1.2838732	0.53997604	-0.016310209	0.45273619
-0.25903598	-0.71497765	1.3180073	-0.46822286	1.2634155
0.37807234	-0.89297297	0.45137986	-1.5406885	0.22541386
-0.60229243	-0.052691266	0.28330732	-1.6030598	-0.43854696
-0.026299043	-0.27657823	1.9064979	-1.1347277	-0.74674289
1.0617267	1.3196684	-0.15079734	1.6177239	1.2780856
0.059747893	-0.077559803	-0.81108607	-0.036793003	0.083363522
-0.81007003	-0.74706726	0.85778219	0.59215674	0.75319997
-1.8963931	-1.4947622	0.33697714	-0.97749979	0.84154539
-0.78946423	0.46359574	0.71327125	1.000173	-1.1098977
0.23004908	0.02995788	-0.26856442	1.6531399	-1.5514952
1.1971976	0.6199037	-0.10579761	0.84963584	-0.62552903
0.80339399	0.40160785	0.10749875	0.39161492	0.041388222
0.20141045	0.41754802	2.4910795	0.68396069	1.1180022
0.36058122	0.20270611	-2.1016478	0.58569964	1.4665392
0.5313305	0.71238685	-1.6688685	0.55299025	-2.2527026
0.47667713	-0.98692283	0.7809319	-0.87839517	-1.1223505
0.88231786	-0.020180961	-0.22037411	0.38017343	-0.89631357
0.97262966	-1.0637647	0.72096673	1.1132653	0.2137394
0.8127208	-1.8410821	1.6400243	-1.5618285	-0.01232827
-0.76196422	-1.254224	-0.23205367	1.183086	0.84163654
0.42745799	0.68849097	-1.6915154	-1.2934414	-1.0965385
0.63437555	1.4498749	1.5967019	-1.4450015	0.24569638
-0.17479835	-0.91227122	-0.81935609	-1.2784883	0.031896537
-0.5444052	0.29388989	-1.229027	0.87487873	-0.012668276
-0.53211717	-0.78198753	1.0449143	-0.47004765	-0.93876035
0.018841647	1.688974	-0.12494199	0.33012214	0.37216733
0.6443739	2.0388526	0.086139145	1.3038301	0.51035829
0.75340991	-0.84718485	0.54948146	-0.33666601	-0.5963552
-0.52937438	-1.1351427	0.97361873	-1.5390146	1.0154586
0.31048792	-0.49437838	0.3618522	0.24004349	-0.078040868
0.24341765	-1.598303	-0.15574151	-0.57614566	-0.89851809
0.69820905	-0.48688419	0.93462115	0.20262061	-0.27862281
1.1925101	-0.010319341	-0.92672678	-0.54606275	-2.0777184
-0.71461305	-0.90035732	-1.6311429	-1.2948226	1.2295895
-0.26829493	-1.7494574	-0.25146505	-1.2619185	-0.96098021
-1.4914639	-1.6792458	0.046639028	0.70276522	-0.35851031
0.95418165	-0.37970016	0.41266618	-0.17568815	-0.61346593
1.0154926	0.38743303	1.2290998	-1.1665204	-0.42408482
-0.50550409	0.89962713	0.61996565	0.62374734	-0.49935295
-1.3018618	0.43424962	-1.2865487	0.39747287	-2.4108045
-1.6092749	1.5381108	0.010365302	-0.31107767	-0.5948042
-1.520422	-1.1934106	1.9684905	-0.79281723	1.0302412
-1.7660637	-0.85496395	-1.2862321	-0.37651235	0.17690906
-0.44528557	-1.0468455	0.4190343	0.024748533	1.3173452
1.0552955	0.58886167	0.92573502	0.82663778	1.1089651
2.7401253	0.25632375	0.18495639	0.74638046	0.57596712
0.23590094	1.2584394	1.0032414	0.97762342	-1.9744315
-1.7691552	-0.11607524	0.84967953	0.3450899	0.39927071
-0.28224584	-1.2874507	-0.22094588	-0.87867653	0.67432014
0.98580266	0.34767637	0.54162059	-0.62727623	0.87462668
-0.017293185	-1.0483912	0.11594573	-1.5370392	-0.57180095
0.23650867	2.0404679	0.16550499	1.0642126	-0.28445917
-0.40152019	-0.30419098	-0.66812985	-0.34656146	0.78338291
-0.63981844	1.9497452	-0.12338818	0.24406524	1.193799
1.119532	-1.1193455	-1.0537479	-0.45527137	-0.1707614
-1.1947972	0.8529195	-1.1181526	0.49487755	0.20816936
1.0727719	-0.19822023	0.61624603	1.4275068	-0.50960511
-0.68971691	-0.6196644	0.053249234	-2.083569	1.376452
-0.3244227	-0.043224004	0.97207026	-0.83563907	0.17822975
0.69583725	2.212743	1.6755283	-0.26575741	-0.62292092
0.92638362	1.5715667	-0.19701714	-0.53154785	0.55099071
0.35935346	0.066772169	-0.057300089	-1.4381818	-0.84765946
0.72139951	-0.20118439	-0.46398848	-0.4533609	0.89185267
0.58871839	-0.063955371	-0.035507165	1.001623	0.98796229
1.1127893	-0.30657893	0.27934347	-1.8006167	-0.17551053
0.34003339	0.92379426	-2.183226	-1.1258736	-0.82606477
1.7425716	-1.3536666	0.5362387	-0.35635605	0.41822678
-0.80870112	-1.6196048	0.24427588	-0.42199623	-0.58031748
0.24877982	1.9405535	-1.0818296	1.0619508	-1.0650274
0.24514732	1.1178843	0.081577527	-1.5214359	1.5789144
-0.46102195	1.647796	0.50199182	-0.58705225	1.6335404
0.95572672	1.1675209	0.19326024	-1.3438394	-1.5698655
-0.15178785	0.90678685	0.34253226	0.62608151	-1.5263533
0.029886683	0.91381389	-0.701386	0.24023248	-0.41892435
0.079339693	0.024083888	0.30189311	-1.2196083	2.4702393
-0.70069679	1.5651416	-0.59846555	-0.21797411	-0.20444278
0.42916482	-0.97875116	-1.0052439	-0.51894632	0.067055793
0.8572644	-1.4978505	0.59674039	0.036448497	1.2483194
-0.039755326	-1.5132042	-0.23964201	0.6623427	-1.4065877
0.3437561	0.2914104	-0.77427614	-0.28939422	1.6508689
-1.0148115	2.1786683	0.17931471	0.90190675	0.36087329
2.586147	0.037980389	0.26435539	-1.5347281	-0.22294107
-1.6601266	0.21867839	-2.0694959	0.43858531	-1.6576301
-0.61442502	-1.0537897	-0.15302027	-1.1453159	-2.7864989
1.2348391	-1.5396852	-2.4534747	0.47169618	-0.44349549
-0.19112743	-0.38025492	0.21976967	0.65019665	0.6858589
2.1623533	0.54086383	-0.74403996	-0.74316421	-4.0676027
0.29418107	0.013364	-0.65550255	0.24196756	-1.9021258
-0.82263769	-0.31448607	-1.0442077	0.22696222	0.67007415
0.72690279	0.5757425	-0.14245662	-0.5760964	0.92123722
-1.3205968	-0.05131428	-2.2533814	0.51440385	-1.1750761
2.156475	0.81119944	0.075303187	1.0954317	-0.035471819
0.34599261	2.3922492	-1.3120051	1.3292538	0.24091577
0.98370149	-0.004059355	0.18241269	0.33927131	0.64009718
0.036766581	0.49386462	-1.3876392	-0.55687599	-2.0520969
1.605785	0.87207844	-0.42658943	0.38425702	0.0376348
-2.4433708	-0.42044716	-0.10069648	-0.42101809	-1.9536332
0.920206	-0.78240732	0.30294426	-0.12697566	0.56797093
0.54410181	-0.446682	-0.59016506	0.65063241	-0.25259379
-1.7000904	-0.78921704	-1.3001438	1.2010138	-0.32508824
0.62392091	0.2113423	0.56613215	-0.78255042	0.39099136
-1.2769086	-0.03572902	0.63704002	0.29097663	-0.50478296
0.48104296	-0.88328275	-0.084804427	1.8712076	-1.2646256
0.83594611	-2.1125793	-0.10256571	0.76604965	-0.78781459
-0.4507864	-2.6131433	-0.92249185	0.38333345	0.59198502
1.6959159	2.271157	1.1434481	-1.8844325	-1.1092187
0.1108831	0.91172139	-0.057171434	-1.0493175	0.3476825
-0.26449039	-0.74028444	-0.6076657	-0.97032103	1.6729377
0.59026765	-2.0863187	1.0038154	-2.161772	-1.5616933
0.69590644	0.007330597	-0.092612781	1.1348174	-2.2817025
0.45576646	-0.071406713	-0.93370431	-1.0177973	1.4898094
0.25258399	1.0792139	0.22232485	-0.83958306	-0.8514891
0.21109524	-0.67144044	0.40580138	-1.3883245	-0.84317205
-0.25137792	-3.9001166	-0.022429751	-1.4103232	0.11048783
1.039512	0.46910428	0.56994364	0.74159196	-0.2871069
1.5964011	-0.06462255	-0.056949634	-0.58132945	0.088157325
0.056023402	1.4774227	-1.7744421	-0.68008812	-1.135932
-0.23279675	0.48050124	-0.49299561	1.0241249	-0.25194698
1.6801053	0.089905794	-0.40172051	-0.10217374	-0.55968021
0.021769147	-1.5244425	0.53615514	0.006006357	2.8295357
-0.29752952	0.46309536	-0.062632438	-2.0116547	-0.96110049
0.13730143	-1.1598694	0.6436136	0.88983075	-0.42722264
-0.58126215	-0.70218092	-0.40509469	0.26845703	1.0915537
-0.79480129	0.46330535	-0.67799405	-0.21132126	-0.54171033
1.3021899	-0.071496997	-0.87411658	-1.2816411	-1.13464
0.67604256	-0.41297272	-0.48583377	0.42471883	-0.61571529
-0.45853128	-0.56232393	-1.2351034	0.18119232	-1.0940895
-2.0747263	-0.58317782	-0.43026665	-1.0398382	-0.014469411
-1.3323409	-0.34909661	-0.18108208	-0.64513982	1.9952016
0.56746302	0.83516601	-0.99665004	-1.7454073	0.33923451
2.4093938	-0.72419856	0.37530651	-0.001290242	-0.085707629
-0.33840335	0.62710577	-0.70727368	0.62672244	0.95681683
0.60303771	-1.4259747	1.0417603	0.71299736	0.76859173
0.64187163	0.83345169	-0.75393151	-0.73240379	-0.61400432
0.63234299	-0.46196212	-0.38192977	1.4926965	-1.0759437
1.8196713	-1.4797067	0.42919871	-1.6006797	0.28526514
-0.091331527	-0.29988753	0.036248703	0.055036507	0.10421803
1.0593555	-0.51496206	0.54410777	0.29944389	-1.4881407
