   1.1500000e+02   6.7647059e+01   1.6000000e+02   2.2000000e+02   2.5000000e+01   2.4509804e-01   0
   1.0000000e+02   5.8823529e+01   3.0000000e+01   7.5000000e+01   1.5000000e+01   2.3076923e-01   1
   1.0100000e+02   6.4743590e+01   1.0000000e+02   1.4000000e+02   1.2000000e+01   1.4117647e-01   1
   1.2900000e+02   7.5882353e+01   6.0000000e+01   1.3500000e+02   2.0000000e+01   3.8653846e-01   1
   1.2700000e+02   7.6969697e+01   1.0000000e+02   1.7500000e+02   2.2000000e+01   3.2835821e-01   0
   1.5500000e+02   9.4512195e+01   1.1400000e+02   2.7000000e+02   3.6000000e+01   3.9130435e-01   0
   9.7000000e+01   6.1006289e+01   1.0000000e+02   1.7500000e+02   3.0000000e+01   2.2769231e-01   0
   1.2300000e+02   8.2550336e+01   1.2500000e+02   2.0000000e+02   2.3000000e+01   2.5555556e-01   0
   1.3400000e+02   9.3055556e+01   7.5000000e+01   1.5000000e+02   1.8000000e+01   2.4657534e-01   1
   1.3700000e+02   8.5625000e+01   6.0000000e+01   1.2000000e+02   2.4000000e+01   3.6363636e-01   1
   1.0300000e+02   6.7763158e+01   6.0000000e+01   1.4000000e+02   1.8000000e+01   2.7272727e-01   1
   1.2900000e+02   8.1132075e+01   8.0000000e+01   1.8000000e+02   2.9000000e+01   2.7619048e-01   0
   1.0400000e+02   5.7142857e+01   6.0000000e+01   1.0500000e+02   2.2000000e+01   2.0754717e-01   1
   1.5700000e+02   9.1812865e+01   1.2500000e+02   2.2500000e+02   3.8000000e+01   5.5072464e-01   0
   1.2700000e+02   7.5595238e+01   6.0000000e+01   1.3000000e+02   2.3000000e+01   3.1944444e-01   1
   1.3600000e+02   8.7179487e+01   1.0000000e+02   2.0000000e+02   2.2000000e+01   4.1132075e-01   0
   1.6800000e+02   1.0700637e+02   2.1000000e+02   3.0000000e+02   3.0000000e+01   4.3529412e-01   0
   1.3400000e+02   8.4810127e+01   1.0000000e+02   1.7500000e+02   2.0000000e+01   2.9411765e-01   0
   1.2700000e+02   7.9874214e+01   1.2500000e+02   2.0000000e+02   4.3000000e+01   6.1142857e-01   0
   1.3600000e+02   9.1891892e+01   6.0000000e+01   1.4000000e+02   3.7000000e+01   4.5243902e-01   1
   1.3600000e+02   9.7841727e+01   6.0000000e+01   1.0500000e+02   1.4000000e+01   1.7948718e-01   1
   1.3000000e+02   8.2802548e+01   6.0000000e+01   1.0500000e+02   1.5000000e+01   2.3076923e-01   1
   1.3600000e+02   8.7741935e+01   1.2500000e+02   2.0000000e+02   3.0000000e+01   3.3636364e-01   0
   1.2200000e+02   7.5308642e+01   1.2000000e+02   1.6000000e+02   1.7000000e+01   1.8651685e-01   0
   1.3500000e+02   8.3850932e+01   8.0000000e+01   1.8000000e+02   2.5000000e+01   3.1666667e-01   0
   1.0000000e+02   6.9930070e+01   4.5000000e+01   7.5000000e+01   1.0000000e+01   1.5151515e-01   1
   1.5300000e+02   9.5031056e+01   8.0000000e+01   1.6000000e+02   1.4000000e+01   2.2222222e-01   0
   1.2900000e+02   9.3478261e+01   4.3000000e+01   1.1800000e+02   1.2000000e+01   1.6438356e-01   1
   1.5300000e+02   9.8076923e+01   8.0000000e+00   6.7000000e+01   8.0000000e+00   1.0666667e-01   1
   1.6400000e+02   1.0123457e+02   4.8000000e+01   1.2400000e+02   2.7000000e+01   3.0000000e-01   1
   1.6400000e+02   1.0512821e+02   7.8000000e+01   1.4800000e+02   2.3000000e+01   2.0535714e-01   1
   9.1000000e+01   5.5828221e+01   5.0000000e+00   3.1000000e+01   1.5000000e+01   2.0833333e-01   1
   1.4200000e+02   9.4039735e+01   4.9000000e+01   4.9000000e+01   1.1000000e+01   1.9811321e-01   1
   1.4600000e+02   9.1823899e+01   8.0000000e+01   1.4000000e+02   1.4000000e+01   2.5454545e-01   1
   1.6400000e+02   1.0379747e+02   6.0000000e+01   1.5700000e+02   2.7000000e+01   1.9852941e-01   1
   8.7000000e+01   5.4375000e+01   4.0000000e+00   4.9000000e+01   1.3000000e+01   1.5116279e-01   1
   1.3600000e+02   7.7272727e+01   6.0000000e+01   8.0000000e+01   3.0000000e+00   4.1666667e-02   1
   1.3700000e+02   9.2567568e+01   1.8000000e+01   5.3000000e+01   7.0000000e+00   1.2500000e-01   1
   1.7300000e+02   1.0176471e+02   2.2000000e+01   8.3000000e+01   3.0000000e+01   3.2258065e-01   1
   1.5700000e+02   1.1134752e+02   5.1000000e+01   1.1800000e+02   6.0000000e+00   8.0000000e-02   1
   9.2000000e+01   6.6187050e+01   3.7000000e+01   9.0000000e+01   1.1000000e+01   1.4533333e-01   1
   1.3300000e+02   8.4713376e+01   1.0500000e+02   1.6500000e+02   1.7000000e+01   2.0886076e-01   1
   1.6100000e+02   9.8773006e+01   7.0000000e+01   1.4800000e+02   2.2000000e+01   1.6176471e-01   1
   1.6900000e+02   1.0368098e+02   8.0000000e+01   1.8000000e+02   2.2000000e+01   3.6666667e-01   0
   1.5300000e+02   9.5625000e+01   1.1000000e+02   2.7700000e+02   1.6000000e+01   1.6666667e-01   0
   1.6600000e+02   9.2737430e+01   8.2000000e+01   2.2400000e+02   2.2000000e+01   3.1428571e-01   0
   1.6000000e+02   1.1347518e+02   3.4000000e+01   1.2400000e+02   3.7000000e+01   3.7755102e-01   1
   1.5700000e+02   9.5151515e+01   8.8000000e+01   1.9700000e+02   1.4000000e+01   1.3106796e-01   1
   1.2200000e+02   8.0794702e+01   2.8000000e+01   6.2000000e+01   1.4000000e+01   1.8181818e-01   1
   1.1400000e+02   8.2608696e+01   2.8000000e+01   9.4000000e+01   2.6000000e+01   3.9393939e-01   1
   1.4600000e+02   9.0683230e+01   2.2000000e+01   9.8000000e+01   2.5000000e+01   2.7777778e-01   1
   1.5100000e+02   9.5569620e+01   3.9000000e+01   1.3300000e+02   1.2000000e+01   1.7142857e-01   1
   1.4600000e+02   8.2022472e+01   8.1000000e+01   1.2700000e+02   3.4000000e+01   3.6956522e-01   1
   1.7400000e+02   1.0481928e+02   1.4800000e+02   2.6500000e+02   1.1000000e+01   1.4102564e-01   1
   1.6900000e+02   1.1575342e+02   4.8000000e+01   1.1000000e+02   2.5000000e+01   2.9069767e-01   1
   1.5100000e+02   8.9880952e+01   9.0000000e+01   1.9500000e+02   1.5000000e+01   1.6666667e-01   1
   1.3100000e+02   8.3134720e+01   4.5000000e+01   9.8000000e+01   1.9000000e+01   2.8233316e-01   1
   1.1700000e+02   7.0048570e+01   6.8000000e+01   1.2100000e+02   3.1000000e+01   4.4342067e-01   1
   1.2300000e+02   7.8841169e+01   1.5400000e+02   2.4400000e+02   3.7000000e+01   3.9819974e-01   0
   1.3900000e+02   9.3480893e+01   4.5000000e+01   9.9000000e+01   1.7000000e+01   2.1537934e-01   1
   1.1100000e+02   7.0855285e+01   7.5000000e+01   1.2100000e+02   1.7000000e+01   2.7275048e-01   1
   1.3400000e+02   9.5236015e+01   1.2900000e+02   2.0400000e+02   2.9000000e+01   4.1696710e-01   0
   1.4500000e+02   9.7925258e+01   1.2400000e+02   2.1400000e+02   3.5000000e+01   4.1862435e-01   0
   9.6000000e+01   5.5643058e+01   5.7000000e+01   1.1900000e+02   2.9000000e+01   3.1530157e-01   1
   1.3000000e+02   7.1927560e+01   1.1000000e+02   1.9300000e+02   3.3000000e+01   2.9047851e-01   0
   1.5300000e+02   9.4203598e+01   1.0800000e+02   1.9200000e+02   1.8000000e+01   2.7277761e-01   0
   1.1100000e+02   7.7692834e+01   8.5000000e+01   1.5300000e+02   3.0000000e+01   3.0155776e-01   0
   1.0900000e+02   7.4414856e+01   1.3500000e+02   1.8700000e+02   2.2000000e+01   3.3351123e-01   0
   1.2400000e+02   7.6971042e+01   9.4000000e+01   1.5000000e+02   2.5000000e+01   3.7173370e-01   0
   1.7700000e+02   1.1093577e+02   1.3600000e+02   2.1100000e+02   2.5000000e+01   4.3951739e-01   0
   1.3700000e+02   8.7288388e+01   8.3000000e+01   1.1600000e+02   1.6000000e+01   2.4822168e-01   1
   1.1900000e+02   6.8663147e+01   8.3000000e+01   1.4800000e+02   3.1000000e+01   3.1894939e-01   1
   1.4200000e+02   8.9181030e+01   1.1200000e+02   2.0800000e+02   3.0000000e+01   3.7532080e-01   0
   1.1300000e+02   7.4406003e+01   3.1000000e+01   9.1000000e+01   8.0000000e+00   8.3335914e-02   1
   1.2300000e+02   7.7640656e+01   9.2000000e+01   1.5400000e+02   2.4000000e+01   3.8698366e-01   0
   1.5700000e+02   1.0174701e+02   1.6500000e+02   2.7200000e+02   2.2000000e+01   1.3341674e-01   0
   1.5800000e+02   1.0023469e+02   2.3200000e+02   3.2300000e+02   3.1000000e+01   3.8220892e-01   0
   1.2100000e+02   6.7196162e+01   1.0900000e+02   2.3600000e+02   4.6000000e+01   4.2942362e-01   0
   1.0800000e+02   6.8148836e+01   7.3000000e+01   9.6000000e+01   1.6000000e+01   2.3585319e-01   1
   1.2300000e+02   7.6058549e+01   8.7000000e+01   1.3300000e+02   1.3000000e+01   2.1348454e-01   1
   9.9000000e+01   5.9241633e+01   1.1600000e+02   1.6800000e+02   1.9000000e+01   1.6484699e-01   0
   1.1200000e+02   7.0371644e+01   5.4000000e+01   1.2400000e+02   2.7000000e+01   3.5776338e-01   1
   1.3700000e+02   8.5625893e+01   8.7000000e+01   1.9300000e+02   2.0000000e+01   2.5303529e-01   0
   9.8000000e+01   5.6890550e+01   1.0300000e+02   1.3600000e+02   2.6000000e+01   2.9251764e-01   1
   1.3300000e+02   8.0465513e+01   2.5000000e+01   7.6000000e+01   1.0000000e+01   1.9784505e-01   1
   1.3300000e+02   9.0062048e+01   1.0600000e+02   1.9900000e+02   2.1000000e+01   2.0620456e-01   0
   1.0700000e+02   6.1199728e+01   5.3000000e+01   1.1600000e+02   2.3000000e+01   2.0753631e-01   1
   1.2200000e+02   7.2214577e+01   7.8000000e+01   1.6400000e+02   1.8000000e+01   1.6494896e-01   0
   1.0300000e+02   6.0990798e+01   4.5000000e+01   1.3400000e+02   2.3000000e+01   2.0871583e-01   1
   1.3500000e+02   8.6127314e+01   2.2000000e+01   9.5000000e+01   1.8000000e+01   2.7155052e-01   1
   1.6400000e+02   1.1259024e+02   6.5000000e+01   1.5600000e+02   2.5000000e+01   4.2293972e-01   1
   1.0200000e+02   7.4357363e+01   3.2000000e+01   7.6000000e+01   1.3000000e+01   1.9949111e-01   1
   1.4700000e+02   9.8705602e+01   1.1400000e+02   2.0000000e+02   2.5000000e+01   3.5177777e-01   0
   1.3200000e+02   7.3191779e+01   1.0300000e+02   1.9000000e+02   2.9000000e+01   3.6582339e-01   0
   1.5300000e+02   1.0131173e+02   1.4300000e+02   2.3100000e+02   2.9000000e+01   4.2262852e-01   0
   1.3200000e+02   8.3820504e+01   5.3000000e+01   1.2900000e+02   2.6000000e+01   3.3934156e-01   1
   1.3000000e+02   7.7500277e+01   6.0000000e+01   1.8100000e+02   1.9000000e+01   2.7923605e-01   1
   8.7000000e+01   6.2341398e+01   7.5000000e+01   1.3700000e+02   4.0000000e+01   4.3367848e-01   1
   1.2100000e+02   7.3496285e+01   1.4300000e+02   2.0900000e+02   3.1000000e+01   2.5899108e-01   0
   1.3100000e+02   8.1123421e+01   1.0500000e+02   2.0700000e+02   2.4000000e+01   3.3457825e-01   0
   1.5000000e+02   9.2866177e+01   1.4200000e+02   2.4300000e+02   3.5000000e+01   4.2337513e-01   0
   1.2200000e+02   7.4409643e+01   1.0000000e+02   1.4500000e+02   3.0000000e+01   4.1707160e-01   1
   1.2500000e+02   7.7768786e+01   9.5000000e+01   1.3400000e+02   2.1000000e+01   3.9545864e-01   1
   1.3500000e+02   8.7151531e+01   1.3400000e+02   1.8700000e+02   2.5000000e+01   3.0880272e-01   0
   1.5000000e+02   9.7323789e+01   1.6000000e+02   2.3800000e+02   1.9000000e+01   2.5699169e-01   0
   1.5400000e+02   9.6788606e+01   1.8400000e+02   2.5700000e+02   1.9000000e+01   1.8856955e-01   0
   1.2600000e+02   7.4550296e+01   7.7000000e+01   1.7200000e+02   1.8000000e+01   2.7203681e-01   1
   1.3100000e+02   8.3009181e+01   1.1200000e+02   1.7400000e+02   1.9000000e+01   2.8242870e-01   0
   1.1500000e+02   7.0509727e+01   7.5000000e+01   1.5600000e+02   3.2000000e+01   3.1103972e-01   1
   1.1500000e+02   7.0126820e+01   1.0500000e+02   1.7100000e+02   2.4000000e+01   2.4926130e-01   0
   1.0200000e+02   6.0594048e+01   6.5000000e+01   6.7000000e+01   1.0000000e+01   1.5043233e-01   1
   1.1100000e+02   6.4427978e+01   4.9000000e+01   1.2600000e+02   2.1000000e+01   1.8755579e-01   1
   9.9000000e+01   6.1702373e+01   1.0000000e+02   1.6000000e+02   2.2000000e+01   2.0202799e-01   0
   1.2800000e+02   8.0547144e+01   6.5000000e+01   1.5600000e+02   1.3000000e+01   2.0054348e-01   1
   1.2000000e+02   8.0171136e+01   1.1200000e+02   1.8400000e+02   1.7000000e+01   1.6300676e-01   0
   1.3000000e+02   8.8508017e+01   1.4300000e+02   2.2800000e+02   3.4000000e+01   3.4051653e-01   0
   1.3400000e+02   8.9000994e+01   9.5000000e+01   1.7200000e+02   1.8000000e+01   2.9398148e-01   0
   1.1400000e+02   6.9599318e+01   6.8000000e+01   1.2100000e+02   7.0000000e+00   1.0130885e-01   1
   1.5300000e+02   9.4341771e+01   1.2300000e+02   2.5700000e+02   3.3000000e+01   4.1912608e-01   0
   1.5100000e+02   9.6300010e+01   9.0000000e+01   1.6500000e+02   2.9000000e+01   4.4144571e-01   0
   1.4000000e+02   9.4195618e+01   1.3900000e+02   2.3800000e+02   2.8000000e+01   3.4071322e-01   0
   1.2400000e+02   7.3561732e+01   1.4600000e+02   2.0400000e+02   3.0000000e+01   4.2229095e-01   0
   1.1800000e+02   6.9319597e+01   1.0400000e+02   1.7800000e+02   2.8000000e+01   3.0594949e-01   0
   1.0500000e+02   6.5807480e+01   2.1000000e+01   7.3000000e+01   9.0000000e+00   9.3511990e-02   1
   1.1200000e+02   6.2624473e+01   1.1200000e+02   1.8200000e+02   3.2000000e+01   3.5443628e-01   0
   1.0700000e+02   7.3694851e+01   1.4200000e+02   2.0800000e+02   2.9000000e+01   1.9136283e-01   0
   1.0800000e+02   7.1586071e+01   5.0000000e+00   4.3000000e+01   1.2000000e+01   1.6406668e-01   1
   1.3800000e+02   8.7594145e+01   6.9000000e+01   1.3300000e+02   1.8000000e+01   3.0546884e-01   1
   1.6900000e+02   1.0236854e+02   1.3900000e+02   2.3200000e+02   2.6000000e+01   3.8979065e-01   0
   1.3200000e+02   7.8712840e+01   4.8000000e+01   7.8000000e+01   5.0000000e+00   1.0713694e-01   1
   1.4200000e+02   9.4908075e+01   1.3100000e+02   2.3800000e+02   2.6000000e+01   4.3586596e-01   0
   1.2100000e+02   7.9846467e+01   1.0700000e+02   1.6200000e+02   2.7000000e+01   3.2102439e-01   0
   8.8000000e+01   5.9790948e+01   8.8000000e+01   1.0600000e+02   1.9000000e+01   2.3653659e-01   1
   1.2700000e+02   7.8690661e+01   3.1000000e+01   9.2000000e+01   1.3000000e+01   1.2056340e-01   1
   1.2800000e+02   7.8478768e+01   6.8000000e+01   1.3700000e+02   2.6000000e+01   3.6027559e-01   1
   1.0600000e+02   6.3928558e+01   1.2700000e+02   1.9700000e+02   3.0000000e+01   3.7682858e-01   0
   1.3100000e+02   9.2191368e+01   9.2000000e+01   1.5300000e+02   2.1000000e+01   3.1844663e-01   0
   1.5500000e+02   9.7211882e+01   1.2800000e+02   2.3300000e+02   3.4000000e+01   5.7285468e-01   0
   1.2400000e+02   7.9809418e+01   1.0900000e+02   1.6600000e+02   1.7000000e+01   1.2719290e-01   0
   1.1200000e+02   7.2477261e+01   3.1000000e+01   9.1000000e+01   1.8000000e+01   2.8003394e-01   1
   1.3700000e+02   8.2856763e+01   6.7000000e+01   1.3400000e+02   1.6000000e+01   3.7641336e-01   1
   1.3700000e+02   8.2337923e+01   6.6000000e+01   1.5100000e+02   2.9000000e+01   4.1425480e-01   1
   1.1700000e+02   7.7639733e+01   7.9000000e+01   1.4000000e+02   1.7000000e+01   2.0098580e-01   1
   1.3100000e+02   8.6227410e+01   9.0000000e+01   1.5300000e+02   2.1000000e+01   2.3825095e-01   0
   1.3000000e+02   8.7374481e+01   1.3900000e+02   2.0500000e+02   2.0000000e+01   3.0008434e-01   0
   1.0800000e+02   6.8126724e+01   9.1000000e+01   1.2000000e+02   1.7000000e+01   2.0034895e-01   0
   1.0900000e+02   7.0652482e+01   2.9000000e+01   8.5000000e+01   7.0000000e+00   1.4353900e-01   0
   1.1800000e+02   7.6458896e+01   7.4000000e+01   1.3600000e+02   2.1000000e+01   2.8134311e-01   0
   1.2500000e+02   8.3129002e+01   8.0000000e+01   1.1100000e+02   1.4000000e+01   2.7949090e-01   0
   1.3200000e+02   7.6690559e+01   8.8000000e+01   2.2000000e+02   2.9000000e+01   3.9431614e-01   0
   1.1600000e+02   7.0892401e+01   1.2000000e+01   7.8000000e+01   1.9000000e+01   2.7111814e-01   0
   1.3400000e+02   8.2925930e+01   1.1700000e+02   2.0700000e+02   1.6000000e+01   1.9177171e-01   0
   1.0100000e+02   6.6521013e+01   3.5000000e+01   7.7000000e+01   1.5000000e+01   2.0769825e-01   1
   1.3400000e+02   8.4501371e+01   1.2700000e+02   2.2200000e+02   3.1000000e+01   5.0731363e-01   0
   1.3800000e+02   9.4433817e+01   8.6000000e+01   1.4500000e+02   1.2000000e+01   1.9394947e-01   0
   1.5000000e+02   9.7909270e+01   9.0000000e+01   1.8800000e+02   2.7000000e+01   4.2914474e-01   0
