3000 320000 801367.01
5372.2 473000 898716.95
6093 1500000 46910.11
4418 471200 1179446.35
4273 822000 53812.27
5706 1902000 105150
14710.35 1682300 3174399.55
4418 471200 1179446.35
7495 2000000 43129.31
5396 1900000 46628.49
7580.7 1416900 139439.45
4676.1 850200 206041.84
4418 471200 1179446.35
4590 765000 1306000
2278 514560 18225.17
3510 585000 1000000
1233 120000 329103.56
4418 471200 1179446.35
3588 1560000 67487.81
3120 780000 67924
8620 2100000 36800.21
3867 487800 159904.24
5262 1296000 47220.72
4720 512000 102400
4720 512000 102400
4720 512000 126435.98
5900 1628000 38085
5250 520800 33295.1
6035 756000 1364053.93
7693 2000000 43175.26
4418 471200 1179446.35
3641.4 630000 1076500
4990 512000 118234.69
4800 640000 190602.02
6600 1800000 73443.26
4600 1000000 85221
9180 1530000 2612000
3794 612000 962528.91
2248 552000 25219.7
3002 600480 62796.5
4590 765000 1306000
4418 471200 1179446.35
8426 2217600 88704
3061 610560 23059.43
5750 500000 199854.39
2150 573000 22640
2032 508000 29592.93
1893 498000 20647
4103 437600 1095970.72
720 500000 65124.11
4179 463500 101970
4418 471200 1179446.35
8050 2300000 60145
4590 765000 1306000
2141 573000 20583
4587 498600 109692
4720 512000 102400
4720 512000 102400
10987.02 998820 2368952.17
5460 1512000 177468.71
2008 502000 30444.71
3000 778000 28139.39
9180 1530000 2612000
4720 512000 102400
13770 2295000 3918000
7682 1900000 108044
7718 735000 225272.38
5994 540000 102057.5
4418 471200 1179446.35
4418 471200 1179446.35
4560 570000 684000
5780 1305600 37718.53
6048 1828000 62927.46
7682.4 1900800 98540
10877.58 1335000 40888.51
5750 500000 1467000
8071 2001000 60030
4720 512000 102400
4248 735000 1154521.82
4275 456000 1141683.57
7920 2100000 34582.13
4500 1500000 46131
8500 700000 269472.79
2000 5000000 28953
4248 735000 1154521.82
3794.4 612000 962185.06
4590 765000 1306000
8249 2000000 43826
2546 760000 35448.01
9468 1778100 145995.21
6369 1302000 74880
3575 550000 95383.55
8071 2001000 60030
3794 612000 962528.91
5739 844000 215744.18
7040 640000 218616.45
10537.16 1434000 2454300
7347.66 500000 240465.74
4560 570000 684000
3340 506000 84255.39
2617.5 600000 172200
4720 512000 102400
4720 512000 102400
6850 520000 135081.36
6592 1600000 46382.05
862 960000 12203.81
7932.5 1429800 152924.91
2400 300000 395705.99
4720 512000 102400
4418 471200 1179446.35
4720 512000 102400
855 190000 359695.35
5175 414000 1264842.66
7282.2 1696300 38166.75
6455 607500 81923
4720 512000 102400
2102 540000 25043.94
1652 230000 419910.6
6165.5 1622500 141661.6
4720 512000 102400
3745.5 681000 165227.26
5398 1900000 46628.42
3794.4 612000 962185.06
3794.4 612000 962185.06
7500 1800000 73434.87
7500 1800000 73434.87
8405 2000000 43255.37
6436 1609000 83110.69
8640 2520000 46433.96
3465 1000000 29306.87
4418 471200 1179446.35
18575 2000000 421869.73
5362 1430000 209544.04
3982 500000 223293.44
4620 840000 201042.09
3600 800000 30064.96
6250 600000 99360
6000 565000 84750
5350 600000 109525.81
5400 1008000 1246896
6165.5 1622500 152056.05
5500 1200000 131371
3900 793000 30114.31
6880 1800000 37438.18
6000 500000 248038.57
4800 640000 179755.94
6470 1649000 65777.99
8130 1600000 34211.43
4720 512000 102400
4248 735000 1154521.82
4248 735000 1154521.82
8292 2000000 43527.79
1943.1 500000 25559
4248 735000 1154521.82
7682.4 1900800 107544
1475 1000000 80321.59
6965 1700000 33157.87
3794.4 612000 962185.06
3900 1560000 67455.71
3490 500000 721500
7800 842400 224533.11
4641 910000 40865.47
4418 471200 1179446.35
5750 500000 1474125
3794.4 612000 962185.06
3976 1135200 39104.29
1753.2 500000 28649.36
4418 471200 1179446.35
4720 512000 102400
3794.4 612000 962185.06
2100 3000000 123165.37
8383 2000000 43494.86
4418 471200 1179446.35
5396 1900000 48346.27
6720 1800000 38923.96
3000 1000000 37600
2546 760000 35448.01
3794.4 612000 962185.06
4590 765000 1306000
4248 735000 1154521.82
3794 612000 962528.91
3760 1120000 29283.21
6470 808750 84626.35
2645 700000 14084.56
5352 972987 1487762
5050 726000 94946
4720 512000 102400
5396 1900000 46628.42
5381 502200 48023
14960 2719961 4155102
3794.4 612000 962185.06
3544.2 644400 177312.7
8307 900000 198000
4955.1 573120 108801.89
4248 735000 1154521.82
5151 1470000 41040
7069 950000 215701.44
2458.6 396400 752910.81
6125 1750000 58849.11
8333 1021370 215977.93
2200 500000 213821.41
2143 573000 20583
2977 500000 198740.99
3780 350000 1010129.99
5105 592000 90273.51
5687 513000 71179
2459.03 295320 493871.71
3240 900000 20718.01
2467 648000 69791.31
4720 512000 102400
4590 765000 1306000
5082 1650000 21120
2358 523056 16400.24
4720 512000 102400
855 800000 26400
4800 640000 189526.02
9420 1083000 260113.52
4248 735000 1154521.82
3394.35 515000 177561.22
3794.4 612000 962185.06
8000 2000000 86095.78
4720 512000 102400
1656 483000 12429.82
3798.3 690600 167556.45
1240 124000 370831
875 250 374550
1750 501000 12747
6286 1576800 63315.59
4418 471200 1179446.35
1704 497000 12814.92
5350 610000 800136.42
2225 385000 608200.53
3794.4 612000 962185.06
5396 1900000 46625.38
1766 537000 13474
2546 760000 35197.57
5396 1900000 49463.41
2745 610000 36520.7
4991 540900 118998
5840 720000 63024.21
4720 512000 102400
4224 480000 228591.37
7800 842400 224533.11
4462 700000 215032.53
3240 900000 20718.01
4720 512000 102400
3794 612000 962528.91
4500 514000 143429.79
4920 1230000 140710
7576.4 1487100 196030.21
4418 471200 1179446.35
4720 512000 102400
1016 100000 35000
1700 201000 38190
3100 372000 55616.6
1068 203400 62113.86
199 25500 17340
1895 162400 56776.92
4720 512000 102400
1100 100000 27019.69
4182 1089400 41922.57
639 50000 950
1848 84480 197443.13
4000 400000 133465.44
5054 726000 94946
2481 666000 11620.25
5817.6 606000 224787
1050 120000 18920.72
455 50000 32343
430.37 42000 34311.74
1587.9 171800 44969.02
30 10000 4015
2346 159040 47552.61
1275 170000 61028.45
1729.89 194880 79425.51
1900 200000 40674.15
1944 230000 59272.18
1029.7 142560 55293.98
3312 317700 88956
2200 220000 114702.38
420 24000 27130.47
468 51200 7091.17
4017 421200 174833.87
380 40000 18517.91
2775.5 244000 79430.05
1800 175200 62430
2486 169000 104113.92
940 100000 140000
2167.5 255000 107503.58
1290 180000 206424.99
5950 1200000 146810.66
2318 224100 32638
1263.5 180500 74777.02
1327 122000 40260
3836 345600 100224
2275 200000 69955.93
459 50400 15570
295 30000 6071.17
940 108000 8386.68
582 60000 24451.48
1406 160000 28800
1900.8 63360 158400
1750 200000 312318.71
4000 1000000 57601
2230 250600 59766.28
700 100000 22780.97
1924.8 64160 160400
7069 950000 215701.44
575 50000 25016
2605 250080 72523.2
1050.7 63200 41819.03
7310 1700000 87239.14
168 179200 9142.52
4720 512000 102400
390 50000 11535.43
645 60000 35409.3
2150 200000 65831.33
1125 180000 95568
206 50000 3400.15
2830 250080 62520
909.2 143000 388228.82
1385 58320 129968.83
3386 267300 69731
3289 986250 59032
3778.9 488000 126880
858 99000 41219.06
4257.6 500000 137732.03
1848 84480 197443.13
3700 1000000 39808.87
3296 474000 61989.54
660 20000 4724.94
0.8 7 92.12
3892 421200 136508.75
2275 200000 70007.09
1377.5 145000 32549.37
1625 250000 61478.37
1600 200000 41267.38
69 10000 6400
923.7 34000 63793.9
1200 100000 30279.03
3740 379200 177733.18
1219 150000 44806.12
878.8 99840 20920.97
7202 554000 144890.78
1200 96000 55117.5
239.8 27200 11085.65
62 10000 5568.68
876 116000 36278.94
895 140895 57341.21
17000 1500000 1468380.73
7871 1000500 485644.36
8544 890000 547942.97
