1 -0.246596138812153 -0.427085046809416 -0.278624381444506 0.0599459174417658 0.526027317535078 -4.01113229020139 -0.670528643982399 -0.756873147775444 -0.970204298017149 -0.646548568265341 -0.8874758668954
1 0.520591848603435 1.30688024323681 -0.848339121577813 -0.617324564534952 -0.391006946908231 0.476344243529696 -0.443666452768354 -0.403909102293213 -0.186874577856712 -0.270769559172029 -0.388147704534629
1 0.0730655226110085 1.30688024323681 -0.901335841590214 1.17416509746798 1.68081120609332 -3.57686036758225 -0.281622030472607 -1.35691202509524 -1.30591703522877 1.19818474910183 -1.08720713183971
1 0.712388845457332 -0.427085046809416 3.20590995937084 0.147335657051665 0.152420765354471 -1.11598613940714 -0.119577608176861 -0.898058765968336 -0.970204298017149 -1.39810658645197 -0.987341499367554
1 1.03205050688049 -0.427085046809416 0.927050998837611 0.409504875881362 -0.0513646267440423 -0.102684986629154 0.398964543169527 -1.28631921599879 -1.41782128096597 1.23234647720122 -1.38680402925617
1 1.03205050688049 0.439897598213697 0.251342818679502 0.802758704125908 0.627920013584335 -1.26074344694685 0.593417849924423 -2.73347180247594 -2.76067222981243 0.822405740008517 -2.1857290890334
1 -0.758054797089211 0.439897598213697 -0.821840761571613 2.37577401710409 2.49595277448737 0.331586935989984 0.107284583037184 -2.02754371151147 -1.86543826391479 -1.63723868314771 -1.9859978240891
1 0.520591848603435 2.17386288825992 1.65575589900812 -0.573629694730003 -0.323078482875393 -0.536956909248291 -0.0871687237177118 -0.227427079552098 -0.410683069331123 0.959052652406085 -0.488013337006783
1 0.584524180888067 0.439897598213697 0.463329698729105 2.06990992846945 0.559991549551497 -0.536956909248291 0.204511236414632 -1.99224730696325 -1.86543826391479 0.20749463421946 -1.58653529420048
1 -0.246596138812153 0.439897598213697 -0.57010634151271 2.39762145200657 1.85063236617541 -0.392199601708579 -0.249213146013458 -1.25102281145057 -0.970204298017149 -0.578225112066557 -1.38680402925617
1 0.584524180888067 -1.29406769183253 -0.397867001472407 0.475047180588787 -0.11929309077688 0.331586935989984 0.204511236414632 -1.21572640690234 -1.30591703522877 -0.0657991905756764 -1.08720713183971
1 1.47957683287292 0.439897598213697 0.238093638676401 -0.180375866485457 0.0505280693052142 0.186829628450271 -0.378848683850055 -0.615687529582551 -0.634491560805534 0.583273643312772 -0.787610234423246
1 1.09598283916513 -0.427085046809416 1.66900507901122 0.737216399418484 0.152420765354471 -1.26074344694685 -0.18439537709516 -0.298019888648544 -0.410683069331123 0.344141546617028 -0.687744601951092
1 1.35171216830365 1.30688024323681 -0.411116181475507 -0.442545085315154 -0.255150018842556 0.331586935989984 0.010057929659736 -1.1451335978059 -1.19401278949156 -0.270769559172029 -0.787610234423246
1 0.584524180888067 1.30688024323681 0.277841178685702 -0.311460475900306 -0.255150018842556 -0.826471524327716 0.107284583037184 -0.72157674322722 -0.746395806542739 0.344141546617028 -0.787610234423246
1 1.92710315886535 0.439897598213697 0.0261067586267986 0.365810006076413 0.390170389469403 -0.392199601708579 -0.119577608176861 -0.121537865907428 -0.074970332119507 0.412465002815812 -0.587878969478937
1 -0.310528471096785 2.17386288825992 0.87405427882521 -0.529934824925053 -0.42497117892465 0.0420723209105587 -0.119577608176861 -1.28631921599879 -0.858300052279944 0.20749463421946 -0.288282072062475
1 -1.07771645851237 0.439897598213697 -0.782093221562312 3.24967141320308 2.9035235586844 -0.681714216788004 -0.378848683850055 -1.92165449786681 -1.86543826391479 -0.236607831072637 -1.68640092667263
1 -0.246596138812153 -0.427085046809416 -0.185880121422804 -0.639171999437427 -0.357042714891812 0.476344243529696 -0.119577608176861 -0.333316293196767 -0.410683069331123 -0.749033752563517 -0.0885508071181663
1 1.35171216830365 -0.427085046809416 -0.901335841590214 -0.464392520217629 -0.458935410941069 -1.98452998464542 -0.18439537709516 -1.18043000235412 -1.30591703522877 3.52118225986049 -1.28693839678402
1 1.35171216830365 0.439897598213697 1.52326409897712 1.9388253190546 0.797741173666429 -0.102684986629154 0.398964543169527 -1.00394797961301 -0.858300052279944 -0.475739927768381 -0.488013337006783
1 -2.35636310420502 -1.29406769183253 -0.689348961540611 -0.8357989135597 -0.560828106990325 -0.102684986629154 -0.18439537709516 -0.82746595687189 -0.858300052279944 -0.304931287271421 -0.987341499367554
1 0.584524180888067 0.439897598213697 2.94092635930884 -0.748409173949801 -0.526863874973906 -0.247442294168866 -0.0547598392585624 0.654983034153479 0.372646650829314 -0.0999609186750684 0.410777355242604
1 -0.374460803381418 -1.29406769183253 0.330837898698103 0.846453573930858 0.356206157452984 0.331586935989984 -0.18439537709516 -1.25102281145057 -1.41782128096597 2.05222795158663 -1.58653529420048
1 0.264862519464905 1.30688024323681 -0.119634221407303 1.17416509746798 1.51099004601123 -1.11598613940714 0.0748756985780346 -1.49809764328813 -1.30591703522877 -0.749033752563517 -1.38680402925617
1 -0.246596138812153 0.439897598213697 -0.0666375013949027 1.87328301434717 2.12234622230676 -0.971228831867429 0.30173788979208 -1.07454078870945 -0.522587315068328 -0.817357208762301 -0.787610234423246
1 0.968118174595861 -0.427085046809416 -0.477362081491008 -0.114833561778032 0.322241925436565 -0.247442294168866 0.139693467496333 -0.509798315937882 -0.746395806542739 -0.509901655867773 -1.08720713183971
1 1.41564450058829 0.439897598213697 -0.0798866813980029 0.977538183345707 0.18638499737089 -0.826471524327716 0.139693467496333 -0.898058765968336 -1.08210854375435 0.275818090418244 -0.987341499367554
1 0.456659516318802 -0.427085046809416 -0.821840761571613 2.90011245476349 4.33002130337399 -0.536956909248291 0.982324463434214 -2.20402573425259 -2.0892467553892 -1.63723868314771 -2.68505725139417
1 0.712388845457332 2.17386288825992 1.88099195906082 -0.398850215510205 0.322241925436565 0.621101551069409 -0.346439799390906 -0.121537865907428 -0.074970332119507 0.412465002815812 -0.587878969478937
1 0.264862519464905 -0.427085046809416 0.953549358843811 -0.595477129632478 -0.187221554809718 -0.392199601708579 -0.249213146013458 0.972650675087488 1.26788061672696 1.3348316614994 0.81023988513122
1 1.22384750373439 -0.427085046809416 1.07279197887171 0.62797922490611 0.458098853502241 -0.826471524327716 -0.0547598392585624 -1.03924438416123 -0.858300052279944 -1.02232757735865 -1.18707276431186
1 1.35171216830365 2.17386288825992 2.07972965910733 0.802758704125908 1.13738349383062 0.186829628450271 -0.540893106145802 -1.46280123873991 -1.19401278949156 -0.544063383967165 -1.58653529420048
1 0.840253510026596 -0.427085046809416 -0.59660470151891 0.278420266466514 -0.221185786826137 -0.247442294168866 -0.0223509547994132 -0.615687529582551 -0.522587315068328 1.12986129290304 -0.8874758668954
1 0.840253510026596 -1.29406769183253 -0.62310306152511 -0.0492912570706081 -0.0174003947276234 -0.971228831867429 -0.249213146013458 -1.18043000235412 -0.970204298017149 0.173332906120068 -0.787610234423246
1 1.22384750373439 1.30688024323681 -0.662850601534411 0.584284355101161 0.729812709633592 0.0420723209105587 0.366555658710378 -0.72157674322722 -0.858300052279944 0.719920555710341 -0.8874758668954
1 0.840253510026596 0.439897598213697 -0.305122741450706 -0.464392520217629 3.14127318279933 0.0420723209105587 -0.18439537709516 0.266722584123026 0.148838159354904 -0.612386840165949 0.410777355242604
1 0.200930187180273 2.17386288825992 2.10622801911353 -0.00559638726565853 0.18638499737089 0.0420723209105587 -0.0223509547994132 -0.756873147775444 -0.746395806542739 1.71061067059271 -0.388147704534629
1 -0.43839313566605 0.439897598213697 -0.411116181475507 -0.8357989135597 -0.42497117892465 0.331586935989984 -0.119577608176861 -0.545094720486105 -0.410683069331123 0.54911191521338 -0.587878969478937
1 0.712388845457332 1.30688024323681 -0.199129301425905 -0.748409173949801 -0.0853288587604612 0.476344243529696 -0.249213146013458 -0.580391125034329 -0.746395806542739 0.959052652406085 -0.0885508071181663
1 0.840253510026596 0.439897598213697 2.06648047910423 0.387657440978888 0.729812709633592 -1.55025806202628 0.26932900533293 -1.18043000235412 -0.970204298017149 0.139171178020676 -0.8874758668954
1 1.15991517144976 1.30688024323681 0.0791034786391993 1.56741892571253 0.593955781567916 -0.392199601708579 0.010057929659736 -0.474501911389659 -0.410683069331123 -0.13412264677446 -0.288282072062475
1 1.22384750373439 -1.29406769183253 -0.265375201441405 1.56741892571253 1.03549079778136 -0.392199601708579 0.107284583037184 -0.686280338678997 -0.634491560805534 2.25719832018298 -0.488013337006783
1 0.00913319032637624 1.30688024323681 1.13903787888721 2.46316375671399 1.13738349383062 -0.826471524327716 13.751424940339 -1.85106168877036 -1.977342509652 -1.22729794595501 -1.88613219161694
1 -0.118731474242888 1.30688024323681 -0.132883401410404 3.38075602261793 2.3600958464217 -0.681714216788004 0.0748756985780346 -1.81576528422214 -2.0892467553892 2.63297732927629 -2.08586345656125
1 1.15991517144976 2.17386288825992 -0.265375201441405 1.56741892571253 1.03549079778136 -0.392199601708579 0.107284583037184 -0.474501911389659 -0.410683069331123 -0.0657991905756764 3.20701506446292
1 0.520591848603435 1.30688024323681 -0.437614541481708 -0.00559638726565853 0.0165638372887953 -0.392199601708579 0.204511236414632 -0.792169552323667 -0.858300052279944 0.651597099511556 -0.687744601951092
1 0.520591848603435 -1.29406769183253 1.98698539908563 -0.37700278060773 -0.187221554809718 -1.26074344694685 -0.508484221686652 -1.92165449786681 -1.75353401817759 2.25719832018298 -1.78626655914479
1 0.200930187180273 1.30688024323681 1.78824769903912 3.97063676498475 4.05830744724264 -0.971228831867429 -0.378848683850055 -1.78046887967391 -2.0892467553892 2.05222795158663 -1.88613219161694
1 0.648456513172699 -0.427085046809416 -0.212378481429005 -0.245918171192881 -0.187221554809718 -0.392199601708579 0.0424668141188854 -0.262723484100321 -0.186874577856712 -0.236607831072637 -0.8874758668954
1 0.456659516318802 0.439897598213697 2.18572309913213 -0.398850215510205 -0.323078482875393 -2.41880190726455 -0.346439799390906 -1.03924438416123 -0.634491560805534 0.788244011909125 -0.488013337006783
1 -0.374460803381418 0.439897598213697 0.291090358688802 -0.289613040997831 -0.0853288587604612 0.186829628450271 -0.15198649263601 -1.53339404783635 -1.52972552670318 -0.168284374873853 -1.58653529420048
1 0.904185842311229 -0.427085046809416 4.09360501957855 -0.267765606095356 -0.187221554809718 -1.11598613940714 -0.216804261554309 -0.298019888648544 -0.858300052279944 0.344141546617028 -0.388147704534629
1 1.99103549114998 -0.427085046809416 -0.477362081491008 0.147335657051665 0.118456533338052 -3.43210306004254 0.366555658710378 -1.63928326148102 -1.64162977244038 1.43731684579757 -1.68640092667263
1 0.648456513172699 0.439897598213697 2.26521817915073 1.30524970688283 0.220349229387309 -1.26074344694685 -0.670528643982399 -0.968651575064782 -0.746395806542739 1.43731684579757 0.111180457826142
1 -1.97276911049723 1.30688024323681 -0.411116181475507 -0.289613040997831 -0.187221554809718 -1.98452998464542 -0.346439799390906 -1.78046887967391 -1.977342509652 1.30066993340001 -0.8874758668954
1 -0.43839313566605 -0.427085046809416 -0.278624381444506 -0.0274438221681333 -0.0174003947276234 -0.392199601708579 -0.249213146013458 -1.18043000235412 -1.19401278949156 3.58950571605927 -1.08720713183971
1 0.136997854895641 -1.29406769183253 2.83493291928404 1.82958814454222 0.356206157452984 -0.826471524327716 -0.0223509547994132 -0.72157674322722 -1.08210854375435 -0.954004121159869 -1.18707276431186
1 0.776321177741964 -1.29406769183253 1.33777557893372 0.103640787246715 0.695848477617173 -0.247442294168866 0.26932900533293 -1.35691202509524 -1.30591703522877 -0.373254743470205 -1.38680402925617
1 -2.93175409476671 -1.29406769183253 -0.58335552151581 0.300267701368988 -0.42497117892465 -0.536956909248291 0.107284583037184 -1.21572640690234 -1.19401278949156 2.76962424167386 0.0113148253539874
1 -0.182663806527521 2.17386288825992 -0.119634221407303 2.28838427749419 3.24316587884859 -2.41880190726455 -0.443666452768354 -1.85106168877036 -1.86543826391479 0.344141546617028 -1.28693839678402
1 0.456659516318802 2.17386288825992 1.51001491897402 -0.289613040997831 0.322241925436565 -0.247442294168866 0.0424668141188854 -0.756873147775444 -1.19401278949156 6.08331186731489 -0.8874758668954
1 0.840253510026596 0.439897598213697 -0.60985388152201 -0.355155345705255 -0.255150018842556 0.186829628450271 0.204511236414632 -1.6039868569328 -1.75353401817759 0.719920555710341 -1.58653529420048
1 2.4385618171424 1.30688024323681 0.0128575786236984 0.780911269223434 0.254313461403727 0.186829628450271 -0.15198649263601 -0.474501911389659 -0.410683069331123 -0.236607831072637 -0.8874758668954
1 0.456659516318802 2.17386288825992 1.54976245898332 1.72035097002985 3.58280819901278 -0.536956909248291 0.366555658710378 -2.13343292515614 -2.31305524686361 0.412465002815812 -0.8874758668954
1 -0.758054797089211 -0.427085046809416 1.52326409897712 2.1136047982744 3.27713011086501 -0.971228831867429 0.334146774251229 -0.862762361420113 -1.08210854375435 0.0708477218218918 -1.38680402925617
1 0.200930187180273 0.439897598213697 1.00654607885621 0.431352310783837 0.559991549551497 -0.247442294168866 0.107284583037184 -0.862762361420113 -0.746395806542739 -0.407416471569597 -1.08720713183971
1 0.712388845457332 2.17386288825992 -0.795342401565413 0.16918309195414 -0.153257322793299 0.331586935989984 -0.0547598392585624 -0.403909102293213 -0.522587315068328 0.651597099511556 -0.488013337006783
1 1.22384750373439 1.30688024323681 2.18572309913213 -0.508087390022579 -0.323078482875393 -0.392199601708579 -0.15198649263601 -0.121537865907428 -0.298778823593918 0.20749463421946 -0.188416439590321
1 0.520591848603435 1.30688024323681 4.66331975971186 0.911995878638282 0.152420765354471 -1.11598613940714 -0.249213146013458 -0.650983934130774 -0.634491560805534 1.16402302100244 -0.288282072062475
1 0.776321177741964 2.17386288825992 0.330837898698103 0.0162510476368163 1.68081120609332 0.186829628450271 0.010057929659736 -1.92165449786681 -1.64162977244038 -0.373254743470205 -1.38680402925617
1 0.456659516318802 -2.16105033685564 1.36427393893992 3.00934962927586 3.31109434288142 -3.57686036758225 -0.540893106145802 -1.32161562054701 -1.08210854375435 2.42800696067994 -0.987341499367554
1 0.328794851749538 -0.427085046809416 0.357336258704303 -0.180375866485457 -0.255150018842556 0.186829628450271 -0.411257568309205 -1.03924438416123 -1.08210854375435 -1.50059177075014 -0.8874758668954
1 1.09598283916513 -0.427085046809416 1.00654607885621 0.933843313540757 1.37513311794555 -2.70831652234398 -0.216804261554309 -1.39220842964346 -1.41782128096597 0.993214380505477 -1.48666966172832
1 0.648456513172699 1.30688024323681 0.410332978716704 -0.114833561778032 0.0505280693052142 -0.102684986629154 -0.540893106145802 0.0196477522854642 0.70835938804093 0.822405740008517 1.30956804749199
1 0.776321177741964 1.30688024323681 4.30559189962816 0.234725396661564 0.18638499737089 -0.536956909248291 -0.15198649263601 -0.403909102293213 -0.074970332119507 0.412465002815812 -0.188416439590321
1 -0.246596138812153 3.04084553328303 -0.424365361478608 3.53368806693526 4.39794976740683 -2.70831652234398 0.366555658710378 -1.67457966602924 -1.64162977244038 -1.22729794595501 -2.28559472150556
1 0.456659516318802 -0.427085046809416 3.78887387950725 0.038098482539291 -0.187221554809718 -0.102684986629154 -0.0223509547994132 -0.262723484100321 -0.410683069331123 0.54911191521338 -0.687744601951092
1 0.264862519464905 1.30688024323681 0.503077238738405 5.58734694776789 3.75262935909487 -2.12928729218513 0.625826734383572 -3.61588191618151 -3.54400194997287 -1.09065103355744 -2.68505725139417
2 -0.758054797089211 0.439897598213697 0.0261067586267986 -0.945036088072074 -0.357042714891812 -0.536956909248291 0.139693467496333 0.584390225057033 0.820263633778135 0.617435371412164 -0.288282072062475
2 -1.84490444592796 0.439897598213697 -0.901335841590214 -0.37700278060773 -0.42497117892465 1.6344027038474 0.010057929659736 1.2903183160215 1.26788061672696 0.412465002815812 0.211046090298296
2 -0.43839313566605 0.439897598213697 -0.742345681553012 -0.0929861268755577 -0.560828106990325 1.20013078122826 -0.0547598392585624 0.902057865991041 0.596455142303725 0.173332906120068 -0.0885508071181663
2 0.328794851749538 0.439897598213697 -0.252126021438305 -0.792104043754751 -0.357042714891812 -0.536956909248291 0.0424668141188854 0.725575843249926 0.148838159354904 -0.817357208762301 1.40943367996415
2 -0.0547991419582561 -1.29406769183253 -0.517109621500309 -0.33330791080278 -0.492899642957488 -0.536956909248291 -0.281622030472607 -0.121537865907428 0.932167879515341 -0.0999609186750684 0.410777355242604
2 -1.14164879079701 0.439897598213697 -0.225627661432105 -0.573629694730003 -0.357042714891812 0.765858858609121 -0.216804261554309 0.0902405613819102 1.26788061672696 0.20749463421946 1.5092993124363
2 0.520591848603435 0.439897598213697 -0.0931358614011031 -0.945036088072074 -0.594792339006744 1.05537347368855 0.139693467496333 0.407908202315918 0.0369339136176983 0.719920555710341 0.31091172277045
2 -0.885919461658476 -1.29406769183253 -0.62310306152511 -0.37700278060773 -0.526863874973906 -0.536956909248291 -0.281622030472607 0.231426179574803 0.596455142303725 0.173332906120068 1.00997115007553
2 -0.630190132519947 0.439897598213697 -0.530358801503409 -0.726561739047326 -0.594792339006744 0.186829628450271 -0.346439799390906 0.19612977502658 0.372646650829314 -0.0657991905756764 0.710374252659067
2 -1.07771645851237 0.439897598213697 -0.450863721484808 -0.486239955120104 -0.357042714891812 -0.536956909248291 0.139693467496333 0.972650675087488 0.48455089656652 -1.46643004265075 0.410777355242604
2 -1.39737811993553 0.439897598213697 -0.0931358614011031 -0.33330791080278 -0.42497117892465 1.20013078122826 -0.249213146013458 0.266722584123026 0.48455089656652 0.275818090418244 0.510642987714758
2 -0.182663806527521 0.439897598213697 -0.212378481429005 -0.464392520217629 -0.357042714891812 0.0420723209105587 -0.216804261554309 1.2903183160215 0.0369339136176983 -1.02232757735865 0.111180457826142
2 0.200930187180273 0.439897598213697 -0.265375201441405 -0.770256608852276 -0.458935410941069 -0.536956909248291 -0.314030914931757 0.760872247798149 0.260742405092109 -0.475739927768381 0.610508620186913
2 -0.43839313566605 0.439897598213697 -0.278624381444506 -0.158528431582982 -0.357042714891812 -0.247442294168866 0.139693467496333 1.00794707963571 0.48455089656652 0.00252426562310769 0.410777355242604
2 -0.630190132519947 0.439897598213697 -0.0798866813980029 -0.639171999437427 -0.526863874973906 0.186829628450271 -0.15198649263601 0.372611797767695 1.04407212525255 -1.22729794595501 -0.288282072062475
2 -0.118731474242888 0.439897598213697 -0.543607981506509 -0.289613040997831 -0.560828106990325 1.6344027038474 -0.0223509547994132 0.302018988671249 0.820263633778135 0.651597099511556 0.211046090298296
2 0.200930187180273 0.439897598213697 -0.0666375013949027 -0.792104043754751 -0.357042714891812 -0.536956909248291 0.0748756985780346 -0.0509450568109823 0.0369339136176983 -0.612386840165949 0.510642987714758
2 -0.246596138812153 0.439897598213697 -0.212378481429005 -0.442545085315154 -0.458935410941069 1.05537347368855 -0.216804261554309 0.19612977502658 0.820263633778135 0.309979818517636 0.0113148253539874
2 -1.7170397813587 0.439897598213697 -0.225627661432105 -0.748409173949801 -0.357042714891812 0.476344243529696 0.107284583037184 0.584390225057033 0.820263633778135 -0.578225112066557 0.510642987714758
2 -1.84490444592796 0.439897598213697 -0.358119461463107 -0.420697650412679 -0.391006946908231 0.910616166148834 -0.18439537709516 0.337315393219472 0.0369339136176983 -0.475739927768381 0.211046090298296
2 -1.39737811993553 0.439897598213697 -0.556857161509609 -0.617324564534952 -0.594792339006744 0.765858858609121 0.0748756985780346 0.160833370478357 0.148838159354904 0.139171178020676 -0.288282072062475
2 0.264862519464905 0.439897598213697 0.0128575786236984 -0.8357989135597 -0.357042714891812 -0.536956909248291 0.139693467496333 0.513797415960588 0.148838159354904 -1.02232757735865 0.710374252659067
2 0.00913319032637624 0.439897598213697 -0.172630941419704 -0.682866869242377 -0.357042714891812 0.0420723209105587 0.010057929659736 1.11383629328038 0.260742405092109 -1.32978313025318 -0.188416439590321
2 -0.374460803381418 -1.29406769183253 -0.199129301425905 -0.158528431582982 -0.42497117892465 -0.536956909248291 0.139693467496333 0.831465056894595 1.04407212525255 -0.783195480662909 0.0113148253539874
2 -0.246596138812153 -1.29406769183253 -0.344870281460006 -0.202223301387932 -0.357042714891812 0.476344243529696 0.107284583037184 0.407908202315918 0.372646650829314 0.275818090418244 1.60916494490845
2 -1.78097211364333 -0.427085046809416 0.0261067586267986 -0.661019434339902 -0.560828106990325 0.186829628450271 0.0424668141188854 1.04324348418393 0.820263633778135 -0.954004121159869 0.81023988513122
2 0.200930187180273 0.439897598213697 -0.106385041404203 -0.0711386919730829 -0.357042714891812 1.20013078122826 0.139693467496333 0.760872247798149 0.0369339136176983 0.173332906120068 1.20970241501984
2 -2.03670144278186 -0.427085046809416 -0.199129301425905 -0.202223301387932 -0.42497117892465 -0.536956909248291 -0.249213146013458 0.443204606864141 0.372646650829314 -1.05648930545805 0.0113148253539874
2 -1.20558112308164 0.439897598213697 -0.503860441497209 -0.355155345705255 -0.357042714891812 0.476344243529696 -0.18439537709516 1.25502191147327 1.26788061672696 -0.646548568265341 1.20970241501984
2 0.904185842311229 -0.427085046809416 -0.58335552151581 -0.748409173949801 -0.526863874973906 -0.536956909248291 -0.216804261554309 0.937354270539264 0.0369339136176983 -1.12481276165683 1.10983678254768
2 1.22384750373439 -0.427085046809416 -0.755594861556112 -0.770256608852276 -0.492899642957488 0.910616166148834 0.139693467496333 0.478501011412364 0.372646650829314 0.412465002815812 1.20970241501984
2 0.264862519464905 -0.427085046809416 -0.901335841590214 -0.158528431582982 -0.357042714891812 -0.536956909248291 0.107284583037184 0.902057865991041 1.04407212525255 0.822405740008517 0.31091172277045
2 -0.630190132519947 -0.427085046809416 -0.59660470151891 -0.464392520217629 -0.458935410941069 0.621101551069409 0.0424668141188854 1.1491326978286 0.260742405092109 -0.509901655867773 0.510642987714758
2 0.136997854895641 -0.427085046809416 -0.821840761571613 -0.551782259827528 -0.560828106990325 1.05537347368855 -0.346439799390906 0.513797415960588 1.26788061672696 -0.0657991905756764 1.10983678254768
2 -0.310528471096785 0.439897598213697 -0.185880121422804 -0.202223301387932 -0.42497117892465 0.186829628450271 0.107284583037184 0.549093820508811 0.0369339136176983 -0.544063383967165 0.910105517603375
2 -1.39737811993553 0.439897598213697 -0.649601421531311 -0.245918171192881 -0.594792339006744 0.0420723209105587 0.139693467496333 1.18442910237683 1.26788061672696 0.54911191521338 0.211046090298296
2 1.47957683287292 -1.29406769183253 -0.371368641466207 -0.0711386919730829 -0.526863874973906 -0.536956909248291 0.139693467496333 0.337315393219472 -0.074970332119507 -0.0999609186750684 1.00997115007553
2 -0.694122464804579 -0.427085046809416 -0.172630941419704 -0.33330791080278 -0.560828106990325 0.186829628450271 0.139693467496333 1.21972550692505 0.0369339136176983 -0.783195480662909 1.10983678254768
2 0.0730655226110085 -1.29406769183253 -0.291873561447606 -0.595477129632478 -0.42497117892465 1.05537347368855 0.107284583037184 0.866761461442818 0.48455089656652 -0.304931287271421 0.410777355242604
2 -1.14164879079701 -1.29406769183253 -0.62310306152511 -0.0929861268755577 -0.357042714891812 -0.536956909248291 -0.0223509547994132 0.0549441568336872 0.820263633778135 0.00252426562310769 0.111180457826142
2 1.35171216830365 -1.29406769183253 -0.146132581413504 -0.114833561778032 -0.594792339006744 1.6344027038474 -0.346439799390906 0.619686629605256 1.26788061672696 0.822405740008517 -0.0885508071181663
2 -0.43839313566605 -1.29406769183253 -0.318371921453806 -0.595477129632478 -0.526863874973906 0.331586935989984 -0.119577608176861 0.584390225057033 0.260742405092109 0.20749463421946 1.00997115007553
2 -0.502325467950682 -1.29406769183253 -0.556857161509609 -0.442545085315154 -0.458935410941069 1.20013078122826 -0.0223509547994132 1.25502191147327 0.0369339136176983 -0.475739927768381 0.211046090298296
2 -1.20558112308164 0.439897598213697 -0.132883401410404 -0.33330791080278 -0.560828106990325 -0.536956909248291 -0.216804261554309 -0.0862414613592053 0.48455089656652 -0.817357208762301 -0.288282072062475
2 -0.694122464804579 0.439897598213697 -0.212378481429005 -0.617324564534952 -0.492899642957488 -0.102684986629154 0.139693467496333 1.32561472056972 0.0369339136176983 0.173332906120068 0.410777355242604
2 0.00913319032637624 0.439897598213697 -0.132883401410404 -0.508087390022579 -0.357042714891812 0.186829628450271 -0.0223509547994132 0.654983034153479 1.26788061672696 -1.46643004265075 0.910105517603375
2 -0.310528471096785 -1.29406769183253 -0.013640781382502 -0.792104043754751 -0.594792339006744 1.6344027038474 -0.346439799390906 0.0902405613819102 0.372646650829314 -0.236607831072637 -0.288282072062475
2 -0.566257800235315 0.439897598213697 -0.755594861556112 -0.158528431582982 -0.560828106990325 -0.536956909248291 0.107284583037184 0.19612977502658 0.820263633778135 -0.578225112066557 0.111180457826142
2 -0.0547991419582561 -1.29406769183253 -0.119634221407303 -0.617324564534952 -0.357042714891812 0.0420723209105587 0.139693467496333 1.36091112511794 -0.074970332119507 -0.168284374873853 1.10983678254768
2 -0.374460803381418 -1.29406769183253 -0.477362081491008 -0.573629694730003 -0.526863874973906 0.476344243529696 0.107284583037184 -0.0509450568109823 0.372646650829314 0.822405740008517 0.610508620186913
2 0.264862519464905 -1.29406769183253 -0.0798866813980029 -0.770256608852276 -0.391006946908231 1.20013078122826 0.0424668141188854 0.125536965930133 0.48455089656652 -0.373254743470205 0.81023988513122
2 0.200930187180273 0.439897598213697 -0.450863721484808 -0.551782259827528 -0.458935410941069 0.476344243529696 0.0748756985780346 1.39620752966616 1.26788061672696 -0.13412264677446 0.0113148253539874
2 -0.821987129373844 -0.427085046809416 -0.0931358614011031 -0.158528431582982 -0.560828106990325 0.910616166148834 0.139693467496333 0.796168652346372 0.0369339136176983 0.275818090418244 -0.0885508071181663
2 0.39272718403417 -0.427085046809416 -0.477362081491008 -0.114833561778032 -0.357042714891812 0.0420723209105587 -0.0871687237177118 0.584390225057033 -0.074970332119507 -0.168284374873853 0.111180457826142
2 0.584524180888067 -0.427085046809416 -0.238876841435205 -0.529934824925053 -0.526863874973906 -0.247442294168866 -0.346439799390906 1.43150393421439 1.26788061672696 -0.544063383967165 0.510642987714758
2 0.328794851749538 -1.29406769183253 -0.437614541481708 -0.0929861268755577 -0.357042714891812 1.6344027038474 0.0424668141188854 0.831465056894595 0.372646650829314 0.617435371412164 1.40943367996415
2 0.840253510026596 -1.29406769183253 -0.384617821469307 -0.311460475900306 -0.42497117892465 0.765858858609121 -0.346439799390906 0.19612977502658 0.820263633778135 0.344141546617028 0.0113148253539874
2 -0.566257800235315 0.439897598213697 -0.106385041404203 -0.508087390022579 -0.391006946908231 0.621101551069409 0.139693467496333 0.902057865991041 0.48455089656652 -0.270769559172029 -0.288282072062475
2 0.39272718403417 0.439897598213697 -0.503860441497209 -0.0711386919730829 -0.357042714891812 0.186829628450271 -0.346439799390906 0.231426179574803 1.04407212525255 -0.646548568265341 1.70903057738061
2 -0.310528471096785 -1.29406769183253 -0.384617821469307 -0.617324564534952 -0.391006946908231 0.331586935989984 0.0424668141188854 0.866761461442818 0.0369339136176983 -0.0999609186750684 0.410777355242604
2 -1.39737811993553 -1.29406769183253 -0.238876841435205 -0.486239955120104 -0.492899642957488 1.6344027038474 0.010057929659736 0.0196477522854642 0.372646650829314 0.719920555710341 1.00997115007553
2 -1.20558112308164 -1.29406769183253 -0.768844041559212 -0.617324564534952 -0.458935410941069 1.05537347368855 -0.346439799390906 0.266722584123026 0.820263633778135 -0.270769559172029 0.31091172277045
2 0.456659516318802 -0.427085046809416 -0.106385041404203 -0.311460475900306 -0.526863874973906 1.20013078122826 0.0424668141188854 0.0549441568336872 0.596455142303725 -0.646548568265341 -0.288282072062475
2 -1.84490444592796 0.439897598213697 -0.517109621500309 -0.158528431582982 -0.357042714891812 0.476344243529696 -0.18439537709516 1.53739314785906 0.596455142303725 -1.46643004265075 0.710374252659067
2 0.520591848603435 -1.29406769183253 -0.0533883213918025 -0.180375866485457 -0.594792339006744 0.0420723209105587 0.0748756985780346 0.302018988671249 0.820263633778135 0.719920555710341 0.81023988513122
2 -0.502325467950682 -0.427085046809416 -0.60985388152201 -0.289613040997831 -0.458935410941069 0.331586935989984 0.107284583037184 0.231426179574803 1.26788061672696 -0.373254743470205 1.40943367996415
2 0.648456513172699 0.439897598213697 -0.0798866813980029 -0.420697650412679 -0.492899642957488 1.20013078122826 -0.346439799390906 1.57268955240728 0.372646650829314 -1.32978313025318 -0.288282072062475
2 -1.7170397813587 -0.427085046809416 -0.662850601534411 -0.245918171192881 -0.594792339006744 -0.392199601708579 -0.346439799390906 -0.0156486522627587 0.820263633778135 -0.544063383967165 0.111180457826142
2 -1.26951345536627 -0.427085046809416 -0.503860441497209 -0.529934824925053 -0.391006946908231 0.476344243529696 -0.0223509547994132 0.337315393219472 0.260742405092109 -0.646548568265341 1.10983678254768
2 0.712388845457332 -0.427085046809416 -0.106385041404203 -0.355155345705255 -0.458935410941069 1.6344027038474 0.139693467496333 0.0196477522854642 0.0369339136176983 -0.441578199668989 -0.0885508071181663
2 -0.502325467950682 -1.29406769183253 -0.57010634151271 -0.158528431582982 -0.594792339006744 -0.102684986629154 -0.119577608176861 0.584390225057033 1.04407212525255 -0.304931287271421 1.5092993124363
2 -0.949851793943108 -1.29406769183253 -0.358119461463107 -0.398850215510205 -0.492899642957488 -0.536956909248291 -0.15198649263601 1.00794707963571 1.04407212525255 -1.05648930545805 0.910105517603375
2 0.776321177741964 -1.29406769183253 -0.424365361478608 -0.573629694730003 -0.526863874973906 1.6344027038474 -0.411257568309205 0.372611797767695 0.148838159354904 -0.168284374873853 -0.0885508071181663
2 -1.90883677821259 -1.29406769183253 -0.543607981506509 -0.770256608852276 -0.357042714891812 -0.102684986629154 -0.0871687237177118 0.0549441568336872 0.148838159354904 -0.236607831072637 1.60916494490845
2 -0.566257800235315 -1.29406769183253 -0.397867001472407 -0.617324564534952 -0.42497117892465 0.765858858609121 0.139693467496333 1.57268955240728 0.260742405092109 -0.475739927768381 0.710374252659067
2 -0.885919461658476 0.439897598213697 -0.517109621500309 -0.748409173949801 -0.594792339006744 1.20013078122826 -0.346439799390906 0.0902405613819102 0.372646650829314 -0.441578199668989 1.60916494490845
2 -1.07771645851237 -0.427085046809416 -0.742345681553012 -0.37700278060773 -0.391006946908231 1.6344027038474 -0.346439799390906 0.407908202315918 1.26788061672696 0.275818090418244 1.30956804749199
2 0.840253510026596 -0.427085046809416 -0.702598141543711 -0.726561739047326 -0.42497117892465 0.476344243529696 0.0748756985780346 0.972650675087488 0.260742405092109 0.344141546617028 -0.288282072062475
2 -1.46131045222017 0.439897598213697 -0.729096501549912 -0.0929861268755577 -0.458935410941069 0.0420723209105587 -0.411257568309205 1.46680033876261 -0.074970332119507 0.446626730915204 -0.0885508071181663
2 -0.949851793943108 -1.29406769183253 -0.384617821469307 -0.136680996680507 -0.391006946908231 0.331586935989984 0.107284583037184 0.584390225057033 0.820263633778135 -0.544063383967165 0.410777355242604
2 -0.821987129373844 -1.29406769183253 -0.689348961540611 -0.355155345705255 -0.560828106990325 1.6344027038474 0.139693467496333 0.0902405613819102 1.15597637098975 -0.954004121159869 -0.288282072062475
2 -1.26951345536627 -1.29406769183253 -0.477362081491008 -0.792104043754751 -0.628756571023163 1.20013078122826 0.0424668141188854 0.443204606864141 0.0369339136176983 -0.612386840165949 0.31091172277045
2 -1.84490444592796 -1.29406769183253 -0.57010634151271 -0.639171999437427 -0.492899642957488 0.910616166148834 0.139693467496333 0.584390225057033 1.26788061672696 -0.783195480662909 -0.188416439590321
2 -1.14164879079701 -0.427085046809416 -0.676099781537511 -0.33330791080278 -0.594792339006744 0.765858858609121 0.0748756985780346 1.32561472056972 0.70835938804093 -0.407416471569597 1.30956804749199
2 0.904185842311229 -0.427085046809416 -0.411116181475507 -0.813951478657226 -0.391006946908231 0.186829628450271 -0.314030914931757 0.0902405613819102 0.148838159354904 0.822405740008517 0.111180457826142
2 -0.310528471096785 -1.29406769183253 -0.278624381444506 -0.682866869242377 -0.357042714891812 -0.102684986629154 -0.346439799390906 -0.121537865907428 0.48455089656652 -1.15897448975622 0.81023988513122
2 1.41564450058829 -1.29406769183253 -0.662850601534411 -0.0711386919730829 -0.560828106990325 1.20013078122826 -0.281622030472607 1.36091112511794 1.37978486246416 -0.885680664961085 -0.288282072062475
2 -1.07771645851237 -1.29406769183253 -0.437614541481708 -0.311460475900306 -0.594792339006744 -0.536956909248291 -0.216804261554309 0.478501011412364 0.260742405092109 -0.954004121159869 1.40943367996415
2 -1.46131045222017 0.439897598213697 -0.901335841590214 -0.813951478657226 -0.526863874973906 -0.102684986629154 -0.346439799390906 0.125536965930133 1.49168910820137 -1.09065103355744 1.00997115007553
2 -1.20558112308164 0.439897598213697 -0.649601421531311 -0.748409173949801 -0.391006946908231 0.765858858609121 0.139693467496333 0.584390225057033 -0.074970332119507 0.583273643312772 0.0113148253539874
2 1.35171216830365 0.439897598213697 -0.265375201441405 -0.202223301387932 -0.526863874973906 -0.247442294168866 -0.346439799390906 0.513797415960588 0.48455089656652 0.241656362318852 -0.0885508071181663
2 0.520591848603435 0.439897598213697 -0.755594861556112 -0.8357989135597 -0.594792339006744 0.331586935989984 -0.314030914931757 0.584390225057033 0.596455142303725 0.651597099511556 0.510642987714758
2 1.03205050688049 -1.29406769183253 -0.172630941419704 -0.267765606095356 -0.391006946908231 0.0420723209105587 -0.249213146013458 1.43150393421439 1.04407212525255 -0.646548568265341 1.30956804749199
2 -1.39737811993553 0.439897598213697 -0.742345681553012 -0.245918171192881 -0.526863874973906 1.05537347368855 0.139693467496333 0.549093820508811 0.48455089656652 0.275818090418244 1.10983678254768
2 1.47957683287292 -0.427085046809416 -0.411116181475507 -0.114833561778032 -0.492899642957488 0.765858858609121 -0.346439799390906 0.0902405613819102 0.596455142303725 0.583273643312772 0.0113148253539874
2 1.09598283916513 -0.427085046809416 -0.729096501549912 -0.245918171192881 -0.357042714891812 0.0420723209105587 -0.281622030472607 1.00794707963571 1.04407212525255 0.241656362318852 0.610508620186913
2 -1.5252427845048 -1.29406769183253 -0.782093221562312 -0.0711386919730829 -0.594792339006744 0.910616166148834 0.139693467496333 1.50209674331083 1.15597637098975 -0.714872024464125 0.211046090298296
2 1.28777983601902 -1.29406769183253 -0.384617821469307 -0.595477129632478 -0.458935410941069 1.6344027038474 0.107284583037184 0.584390225057033 1.26788061672696 0.651597099511556 0.710374252659067
2 0.584524180888067 -0.427085046809416 -0.0666375013949027 -0.33330791080278 -0.42497117892465 0.476344243529696 -0.314030914931757 0.125536965930133 0.70835938804093 0.20749463421946 0.111180457826142
2 1.73530616201145 0.439897598213697 -0.358119461463107 -0.202223301387932 -0.357042714891812 1.05537347368855 -0.314030914931757 1.04324348418393 -0.074970332119507 -0.202446102973245 1.60916494490845
2 1.15991517144976 0.439897598213697 -0.848339121577813 -0.267765606095356 -0.594792339006744 0.621101551069409 -0.0223509547994132 0.619686629605256 0.820263633778135 0.37830327471642 0.81023988513122
2 0.39272718403417 -0.427085046809416 -0.662850601534411 -0.813951478657226 -0.391006946908231 1.20013078122826 -0.346439799390906 1.07853988873216 1.37978486246416 0.173332906120068 0.410777355242604
2 0.776321177741964 -0.427085046809416 -0.543607981506509 -0.573629694730003 -0.526863874973906 0.910616166148834 0.0748756985780346 0.160833370478357 0.932167879515341 -0.749033752563517 0.0113148253539874
2 0.648456513172699 0.439897598213697 -0.795342401565413 -0.180375866485457 -0.560828106990325 -0.102684986629154 -0.346439799390906 0.972650675087488 1.04407212525255 -1.09065103355744 0.910105517603375
2 0.456659516318802 -1.29406769183253 -0.331621101456906 -0.661019434339902 -0.391006946908231 0.0420723209105587 -0.346439799390906 0.690279438701703 1.49168910820137 -0.714872024464125 0.111180457826142
2 1.22384750373439 -0.427085046809416 -0.782093221562312 -0.136680996680507 -0.594792339006744 0.476344243529696 0.0748756985780346 1.1491326978286 -0.074970332119507 -0.954004121159869 1.10983678254768
2 -0.246596138812153 0.439897598213697 -0.835089941574713 -0.682866869242377 -0.492899642957488 -0.247442294168866 0.139693467496333 1.21972550692505 1.15597637098975 -0.885680664961085 1.70903057738061
2 1.79923849429608 0.439897598213697 -0.252126021438305 -0.158528431582982 -0.526863874973906 0.331586935989984 0.107284583037184 0.19612977502658 0.932167879515341 -1.19313621785561 0.211046090298296
2 0.328794851749538 -1.29406769183253 -0.0798866813980029 -0.770256608852276 -0.391006946908231 1.6344027038474 0.0424668141188854 0.725575843249926 0.148838159354904 0.822405740008517 -0.288282072062475
2 0.712388845457332 -0.427085046809416 -0.331621101456906 -0.617324564534952 -0.560828106990325 1.05537347368855 0.107284583037184 1.11383629328038 1.26788061672696 -0.202446102973245 0.31091172277045
2 -0.374460803381418 -0.427085046809416 -0.503860441497209 -0.136680996680507 -0.594792339006744 0.476344243529696 -0.346439799390906 1.07853988873216 0.260742405092109 -0.988165849259261 1.70903057738061
2 -2.35636310420502 0.439897598213697 -0.59660470151891 -0.792104043754751 -0.458935410941069 -0.392199601708579 -0.216804261554309 1.18442910237683 1.04407212525255 -0.817357208762301 0.410777355242604
2 -0.0547991419582561 0.439897598213697 -0.58335552151581 -0.8357989135597 -0.357042714891812 0.765858858609121 -0.281622030472607 0.760872247798149 0.596455142303725 0.309979818517636 1.60916494490845
2 -0.694122464804579 0.439897598213697 -0.344870281460006 -0.114833561778032 -0.526863874973906 0.186829628450271 0.139693467496333 1.2903183160215 1.26788061672696 -0.475739927768381 1.00997115007553
2 0.00913319032637624 0.439897598213697 -0.517109621500309 -0.617324564534952 -0.492899642957488 -0.536956909248291 -0.281622030472607 0.584390225057033 1.26788061672696 -0.783195480662909 0.510642987714758
2 -1.01378412622774 0.439897598213697 -0.702598141543711 -0.813951478657226 -0.391006946908231 0.476344243529696 -0.15198649263601 0.796168652346372 0.372646650829314 -0.954004121159869 1.5092993124363
2 0.328794851749538 0.439897598213697 -0.0666375013949027 -0.114833561778032 -0.357042714891812 1.20013078122826 -0.0871687237177118 0.513797415960588 0.596455142303725 -0.680710296364733 0.710374252659067
2 -0.566257800235315 -1.29406769183253 -0.278624381444506 -0.180375866485457 -0.526863874973906 0.331586935989984 -0.0547598392585624 -0.121537865907428 1.49168910820137 -0.407416471569597 0.610508620186913
2 -0.118731474242888 0.439897598213697 -0.013640781382502 -0.158528431582982 -0.492899642957488 0.0420723209105587 0.139693467496333 0.266722584123026 0.48455089656652 0.309979818517636 -0.188416439590321
2 0.200930187180273 0.439897598213697 0.0261067586267986 -0.0929861268755577 -0.594792339006744 1.6344027038474 0.107284583037184 0.831465056894595 0.70835938804093 -0.646548568265341 0.111180457826142
2 -0.630190132519947 -0.427085046809416 -0.835089941574713 -0.486239955120104 -0.357042714891812 0.331586935989984 -0.346439799390906 1.11383629328038 1.49168910820137 -0.270769559172029 1.40943367996415
2 -2.54816010105892 0.439897598213697 -0.503860441497209 -0.595477129632478 -0.560828106990325 -0.247442294168866 -0.0547598392585624 0.866761461442818 0.932167879515341 -0.680710296364733 0.610508620186913
2 -2.22849843963575 -1.29406769183253 -0.318371921453806 -0.0711386919730829 -0.42497117892465 -0.536956909248291 0.107284583037184 0.302018988671249 1.15597637098975 -0.475739927768381 1.10983678254768
2 0.39272718403417 0.439897598213697 -0.0931358614011031 -0.770256608852276 -0.391006946908231 0.331586935989984 -0.346439799390906 0.866761461442818 1.37978486246416 -0.612386840165949 1.30956804749199
