0.4260915	9.231964	1
1.296554	8.476324	1
-0.6509459	8.601383	1
-0.5649144	8.486292	1
-0.766136	9.00973	1
-0.7480846	8.58356	1
-0.4759356	7.690689	1
1.023623	7.036393	1
-1.124982	9.449131	1
0.3898316	8.277164	1
0.3458936	8.623327	1
-0.08273471	9.227478	1
0.8115932	9.199368	1
1.088289	6.940238	1
-2.131361	6.795857	1
-0.01241905	7.60602	1
-0.08948799	8.074523	1
1.36948	7.486677	1
-0.3970137	8.261172	1
-0.2201919	8.257073	1
-0.9232756	8.33606	1
0.4247423	7.150296	1
0.8502963	7.427061	1
-0.3294522	9.212005	1
0.8387811	6.618247	1
0.08398427	8.104195	1
-1.185489	7.054403	1
0.07323022	7.304997	1
-0.8614647	8.710504	1
-1.131733	7.776384	1
-1.161407	10.11535	1
-1.984105	7.223912	1
0.6434702	8.466697	1
0.7074674	7.833911	1
-0.8163831	7.515668	1
0.5126188	8.231123	1
1.271804	7.243335	1
1.441082	8.421065	1
-0.806437	7.92546	1
0.2620177	7.90833	1
-0.7714424	8.670994	1
-0.1738094	7.060485	1
1.120102	7.502772	1
-0.9255905	7.525045	1
-0.9090055	7.104092	1
1.035995	8.438927	1
1.481166	7.126019	1
-1.17923	6.445686	1
0.9546076	6.242832	1
-0.02190578	7.604939	1
-0.6973107	9.130856	1
0.09735738	6.448724	1
-0.3496534	8.12151	1
-0.4881601	8.759665	1
0.4189791	7.921658	1
0.5013606	8.288237	1
0.09563409	6.711498	1
0.03158271	8.660882	1
0.9837248	7.607208	1
1.556626	9.818681	1
0.4753913	6.457756	1
-1.454146	6.250712	1
2.976267	7.999195	1
0.2252818	7.896566	1
-0.5982451	8.788474	1
-0.2820846	8.39098	1
0.7290694	8.750057	1
-0.4290734	7.26985	1
0.9262308	9.276138	1
-0.841934	6.803494	1
0.8630873	8.864998	1
-1.126778	7.242894	1
-0.8538298	9.578502	1
-0.755155	6.427228	1
0.1237027	8.936389	1
-0.4518524	7.127781	1
0.2877834	6.457448	1
0.8907569	8.023305	1
-1.351531	7.31341	1
-0.7726299	6.77321	1
0.2166645	9.180745	1
-1.080054	7.265359	1
0.4607917	9.798646	1
-0.8781646	9.507653	1
-0.8913224	6.847455	1
1.655216	8.508879	1
-0.2762156	7.60445	1
-0.3625007	9.969151	1
-1.344557	6.651854	1
-0.4243113	8.599445	1
0.7754788	7.995609	1
0.6006043	8.534662	1
1.239074	8.81542	1
0.8393508	7.707719	1
1.253599	9.557368	1
0.1605771	7.490429	1
-0.2954239	6.19047	1
-0.6287124	8.121936	1
1.751427	8.490256	1
0.7785147	7.765631	1
-0.3334411	7.159091	1
-0.7033666	8.003041	1
0.609274	7.460921	1
1.167602	7.841372	1
1.21808	9.895314	1
-0.1939322	6.805713	1
-0.05861577	9.265822	1
-0.05707835	6.477812	1
0.2353932	8.365376	1
0.4294626	7.750253	1
-1.945784	8.671905	1
1.623457	8.110677	1
-0.1725056	8.489181	1
-0.2478595	9.610776	1
0.2292759	7.987738	1
0.6125483	7.911154	1
0.8575367	8.050373	1
-1.241246	8.291053	1
1.120761	7.693589	1
-1.835062	6.904357	1
-0.7487186	6.922349	1
-1.94624	9.204493	1
0.3831619	6.73842	1
-1.220768	5.976268	1
0.9436993	9.076046	1
0.08567492	10.12048	1
0.4428142	7.997205	1
1.568057	9.800436	1
-0.1014658	6.968337	1
1.678374	8.112604	1
-1.272947	7.78471	1
-0.5079541	7.712292	1
0.8092234	8.682581	1
2.127633	8.538359	1
-0.6512568	9.709109	1
0.4001606	6.551219	1
1.078441	8.491525	1
1.626477	7.942046	1
0.8216684	10.02749	1
1.40522	8.647788	1
0.8200732	10.79833	1
1.021331	7.833017	1
-1.857318	7.480467	1
-0.1753931	9.352127	1
0.2564331	8.019797	1
1.925098	8.194317	1
0.01770129	8.294952	1
-0.5939542	7.997363	1
1.103072	8.002301	1
-0.486828	6.204686	1
0.7632992	7.579177	1
-0.978228	6.669664	1
1.998549	7.976293	1
-1.408646	8.063758	1
0.9312265	7.807945	1
-0.2367296	9.602437	1
1.847917	8.114791	1
0.3211935	7.781171	1
-0.7543785	8.610346	1
0.7798994	8.370867	1
-1.024558	8.526891	1
2.314059	7.563987	1
-1.032438	7.722968	1
1.328491	7.695484	1
-0.108706	6.033621	1
-0.4027615	8.681471	1
-0.2781993	6.96534	1
1.117187	8.083448	1
0.4314571	8.499104	1
0.8182586	7.892141	1
-0.8570276	7.257198	1
-1.150844	7.463195	1
0.1939986	6.650261	1
-0.6317777	7.929632	1
-1.121555	7.486608	1
1.843312	9.074785	1
-0.7013949	7.496159	1
-0.5913984	7.966939	1
-2.488805	7.059079	1
1.77977	7.965939	1
-1.329836	6.709293	1
-0.9100878	6.340427	1
0.6938825	7.376593	1
0.1682291	7.574928	1
0.3364843	7.523551	1
3.056232	7.670846	1
0.5363328	7.444807	1
-1.094894	8.920187	1
0.6370137	6.400045	1
0.4085037	7.682253	1
-1.575929	7.855948	1
-1.998509	6.594045	1
1.304499	9.293145	1
0.2820878	7.412681	1
-0.2806562	7.442155	1
1.636271	7.013421	1
1.357128	8.211189	1
-1.3456	8.88546	1
-0.8875527	10.61879	1
1.098354	6.802163	1
-2.375808	8.067813	1
-0.4807512	6.936437	1
-1.70493	8.609622	1
-0.1043811	8.935772	1
-1.383601	7.29188	1
0.4505853	8.39121	1
1.69727	9.284623	1
0.3345337	7.434379	1
-1.012759	10.08387	1
1.17378	8.084446	1
-0.8270273	7.806876	1
-2.688832	7.972882	1
-0.4434389	7.346232	1
0.1907053	7.270491	1
-1.371298	8.927436	1
1.076859	7.617734	1
-0.07684114	8.205168	1
0.0149623	9.199445	1
-0.02655463	9.357881	1
0.3758512	6.19463	1
-1.107668	5.661671	1
0.4654861	8.534262	1
-0.05809324	8.530921	1
-0.04008945	8.329126	1
0.1333032	7.678391	1
-1.279514	5.478208	1
-0.6470091	6.401151	1
0.5246535	7.69584	1
0.9562504	9.12206	1
1.043504	8.704298	1
-2.159903	6.961026	1
-0.01080007	7.707084	1
-0.7634279	9.146287	1
0.8196872	7.839343	1
-0.1385729	5.566604	1
-2.051683	6.77417	1
-1.588229	7.738538	1
0.3435944	6.904509	1
0.9062504	8.109916	1
-0.5744258	6.935363	1
-0.5791487	7.740235	1
2.881618	7.327838	1
0.1992659	7.813822	1
-0.6875833	7.549085	1
1.377342	7.188141	1
0.4689798	7.63142	1
-1.240537	8.586978	1
-0.5015477	9.584124	1
0.4094668	7.275343	1
1.297414	7.696541	1
-0.1581922	9.843072	1
-1.893563	6.417699	1
-1.672585	6.46508	1
0.6107552	9.180755	1
-0.3967857	7.147836	1
-0.7044864	8.016937	1
-1.804686	8.270452	1
-1.535749	7.509801	1
-0.8105278	8.719963	1
-1.074867	7.073331	1
0.08078144	7.917299	1
0.2280272	7.966182	1
-2.023219	8.197139	1
-2.325835	8.410921	1
0.822688	7.909314	1
1.092541	7.067089	1
-0.1424373	6.802403	1
-1.362219	7.73587	1
1.462162	8.940364	1
-0.8205126	7.491632	1
0.5563882	7.656485	1
1.189873	6.69564	1
0.7010082	7.272199	1
-1.209251	8.093591	1
1.468323	7.335491	1
0.4910894	7.592496	1
1.153806	6.786452	1
1.8691	8.919024	1
1.547915	7.288693	1
0.4886678	6.929898	1
-0.1763296	7.76172	1
-0.4588114	7.654362	1
0.07311765	7.596725	1
1.355389	8.646699	1
0.5030074	8.4284	1
0.06472979	8.749929	1
0.2763938	7.153879	1
1.407278	9.22213	1
0.2923842	7.273908	1
0.1741043	7.928231	1
-0.4351089	7.468154	1
-0.441362	7.044891	1
-1.21038	8.873546	1
0.2936705	9.00163	1
-0.4768472	6.44574	1
-1.567792	7.340692	1
-0.8026676	6.965164	1
-0.5477291	8.350857	1
-0.1391819	6.971206	1
-0.853932	7.521145	1
0.6872138	6.458344	1
-1.13265	8.64232	1
0.05140007	8.033092	1
0.5555293	7.821615	1
0.6258995	10.39808	1
-1.972603	7.477129	1
-0.8388299	7.433291	1
-0.0216305	9.233633	1
0.1493669	7.777404	1
0.3780375	7.040268	1
0.4085449	9.321253	1
-1.32631	6.768037	1
-0.5786849	7.42162	1
-1.258744	7.793996	1
-1.125978	6.411043	1
-0.240231	10.34429	1
0.7083887	8.293954	1
-0.7140879	9.309928	1
2.459124	8.949042	1
2.856722	7.691377	1
1.254778	5.831623	1
-1.103454	8.571769	1
-2.05879	8.206347	1
-0.9386189	8.282221	1
-0.01671644	8.552955	1
2.295608	6.930171	1
-0.3337535	7.818329	1
1.720345	7.922229	1
-0.03913236	8.269431	1
0.753131	7.473208	1
-0.8990048	7.546073	1
-0.8520258	8.832176	1
-1.586152	8.340043	1
0.1607004	6.982338	1
-1.815429	8.000707	1
0.6405466	9.278173	1
-0.4646328	8.083606	1
0.6921047	8.355877	1
-0.6238228	8.696029	1
-1.15471	7.992271	1
0.5682618	8.745607	1
-1.654218	8.655549	1
1.954307	7.605447	1
1.825097	7.242859	1
-0.3392329	9.505104	1
0.6942213	7.314304	1
0.3837024	6.938679	1
-0.4574864	8.396953	1
0.03949611	7.871035	1
-0.5980796	7.562155	1
-0.9479016	5.930329	1
0.01876233	8.703197	1
-0.02067131	8.389812	1
0.0815348	8.156872	1
-0.5213806	7.906427	1
0.08367584	9.497251	1
-0.004555268	9.403551	1
0.6006699	9.278359	1
1.473973	7.440303	1
0.2494823	8.855218	1
15.35333	4.796868	2
8.267735	5.137361	2
12.15274	-3.311761	2
-6.073141	3.630044	2
11.82252	-3.543922	2
0.04970186	-7.203084	2
-2.869837	0.7534026	2
6.746313	-5.876578	2
16.2876	-3.260672	2
1.306682	-9.348998	2
6.378277	-1.842411	2
15.33063	0.7774507	2
21.44874	8.565887	2
5.362176	-6.143293	2
18.19182	-7.016447	2
12.55815	-1.529369	2
10.0226	-1.89399	2
8.323527	3.845529	2
8.955296	2.707126	2
11.15488	10.7366	2
1.797262	1.480228	2
21.77602	-2.486275	2
4.008255	-4.821575	2
10.89881	0.3451665	2
6.953405	-7.834316	2
18.48534	-5.479293	2
-4.878757	-4.284391	2
5.078331	5.803864	2
6.397457	-0.5351042	2
13.27127	-5.453542	2
17.31224	-1.591898	2
13.53965	-2.760872	2
15.19696	6.45377	2
11.66808	0.5304443	2
4.396422	-12.03284	2
5.573196	-6.93079	2
-1.718855	2.003619	2
13.19902	-0.5608863	2
12.37272	0.5333452	2
10.29742	2.821778	2
7.291273	-8.695649	2
4.695055	-8.301044	2
1.24256	2.666399	2
10.35277	-14.07367	2
11.01933	-3.526435	2
6.322676	-4.357364	2
11.2574	-7.412064	2
10.81253	-3.90878	2
16.89172	-2.059752	2
6.314589	7.668532	2
6.14175	-4.672151	2
8.069799	0.473159	2
19.60201	-1.31229	2
12.13633	-3.524878	2
6.233482	-3.216789	2
1.900139	0.2569618	2
2.756649	8.454481	2
22.01677	1.311497	2
-0.4485909	-4.431022	2
9.867069	0.7240561	2
13.73528	-8.67987	2
-4.206868	-5.800514	2
-1.072089	4.335028	2
15.88989	6.550603	2
11.93931	-0.9196431	2
7.300158	-1.107697	2
5.708618	0.4224969	2
11.27088	2.684281	2
-4.154989	3.500733	2
15.76323	-4.447229	2
0.3006241	1.696963	2
11.41906	3.218781	2
-9.197494	-0.7775423	2
3.226656	8.558872	2
-0.717166	-2.995771	2
6.988353	0.9164256	2
3.548008	-1.029946	2
17.44224	-1.556303	2
6.644876	-6.809004	2
-2.571403	4.382686	2
12.96147	-2.22949	2
8.717923	3.870587	2
-1.078975	1.646311	2
-2.433071	-8.301076	2
4.967604	9.392364	2
22.00834	-6.330175	2
3.538616	-9.707829	2
11.89118	3.366469	2
9.258204	-4.548345	2
4.41645	-3.075015	2
15.06133	0.9621358	2
-6.716687	-0.3054213	2
5.889403	-2.53229	2
24.28857	0.3338508	2
12.22745	1.357189	2
19.54956	4.230749	2
1.554227	0.4645389	2
3.600386	-5.203191	2
13.35806	5.859956	2
12.40855	6.458446	2
3.526679	-7.397637	2
-4.967083	11.6086	2
5.816168	-0.8118524	2
18.58332	3.855164	2
-0.1253243	5.007126	2
-0.2898732	2.438481	2
3.660372	2.968981	2
4.012215	-4.451718	2
11.90075	-1.746214	2
8.78284	5.398581	2
-3.67903	6.051011	2
7.79123	-5.786522	2
17.56396	-6.239682	2
-1.389741	2.759024	2
3.702743	5.718918	2
-4.586196	1.945234	2
11.87421	3.555506	2
-4.404055	0.6173857	2
12.14114	6.364657	2
13.90748	-0.3141571	2
10.13096	9.1623	2
1.644624	7.88087	2
3.664101	-2.127358	2
18.99542	5.934667	2
15.38163	-6.268856	2
14.24776	1.422278	2
10.45663	0.1910298	2
10.07737	-5.582182	2
11.92508	-10.02916	2
7.294281	5.279603	2
8.991833	-6.816716	2
4.787606	-4.972026	2
21.10688	-3.757369	2
2.035803	3.996942	2
-0.4179547	-2.637272	2
-3.457845	3.542214	2
7.328966	-9.760911	2
1.600934	-3.02559	2
8.971567	2.282647	2
7.111608	4.997333	2
2.455873	-2.882929	2
15.70322	-5.231523	2
5.60733	-1.357064	2
7.197797	-1.878564	2
5.065454	-2.294114	2
1.323076	-5.443202	2
7.53993	-0.7444307	2
8.967841	-4.017212	2
2.085658	7.039393	2
11.52622	11.96658	2
2.567945	-2.719594	2
3.2915	-1.795172	2
13.57803	2.684415	2
23.4698	-5.431647	2
22.41318	1.250763	2
5.601929	5.249441	2
11.8787	-3.553204	2
11.54792	3.568124	2
20.04921	3.417743	2
11.8166	-5.332483	2
6.42085	-0.9906902	2
12.21946	-0.3724293	2
-7.264049	-11.07361	2
4.54772	-1.208749	2
4.47937	-3.121225	2
-5.394237	-5.498022	2
13.32996	-5.122595	2
-0.3316811	-0.8177449	2
10.13894	3.384593	2
11.82334	0.09478088	2
-0.07757399	-6.843036	2
13.84951	-6.28693	2
11.488	-1.821094	2
18.39414	4.433877	2
8.480785	-5.056645	2
-0.8976058	2.559088	2
-4.210317	3.322999	2
0.6121782	-2.576292	2
-5.376169	10.98662	2
5.894634	-9.090739	2
-2.558737	6.614549	2
3.708873	8.479658	2
9.945309	2.764884	2
3.457696	7.372569	2
15.24036	-3.597052	2
5.758485	8.996762	2
16.52389	3.016854	2
12.91799	8.484753	2
13.71645	1.368312	2
5.774955	-2.298076	2
4.212798	-7.448086	2
9.480135	6.90637	2
10.83627	-4.327774	2
19.96343	-5.378977	2
11.54386	6.236914	2
9.104475	-8.211556	2
12.03095	7.613591	2
3.357185	-1.668741	2
-1.185463	5.677544	2
3.722407	-6.198135	2
11.1474	-9.818	2
12.76932	2.871546	2
-2.262953	-9.574902	2
13.08558	3.837123	2
7.122155	-5.751569	2
6.772311	-4.92799	2
2.745102	2.989832	2
-1.105459	-3.055037	2
19.22238	2.515195	2
17.81873	-10.628	2
9.363845	-3.486963	2
2.088341	1.427907	2
-11.38302	0.8440516	2
8.26739	-4.516235	2
4.779624	3.751643	2
15.70256	-5.161413	2
13.30646	2.137084	2
24.42493	9.68745	2
9.72634	10.72854	2
11.91759	-8.695893	2
16.54702	3.380169	2
2.476592	0.7112832	2
7.759364	-5.926364	2
8.608989	5.002945	2
6.410587	-14.98997	2
14.7353	-2.648069	2
10.79245	-0.3740729	2
21.49595	1.964432	2
15.12239	-9.848242	2
1.240116	-4.9919	2
22.32733	0.7754459	2
6.36881	3.993955	2
-4.028792	-7.182963	2
6.22224	1.801563	2
11.51257	-1.186863	2
13.15834	9.472528	2
5.479626	6.882493	2
-3.522511	0.7458117	2
7.247599	2.356294	2
11.41059	0.5323902	2
1.421802	-4.292797	2
14.84957	5.145773	2
16.99225	0.3416043	2
8.733044	6.774848	2
12.33004	-3.447159	2
2.755271	7.741434	2
4.187084	-2.961442	2
0.003877031	3.684725	2
17.58583	-4.848705	2
10.89708	-4.759806	2
18.56239	2.704438	2
5.836481	-1.538725	2
-4.332669	-5.25938	2
6.571688	-6.948582	2
12.45121	0.4836089	2
16.75119	-1.135556	2
5.633363	-7.074536	2
11.42909	-5.507657	2
11.5663	1.478598	2
5.203334	4.64597	2
0.4675592	-1.452777	2
0.03768276	-11.14966	2
5.362858	1.423711	2
1.93358	-1.571045	2
8.989397	-6.033441	2
4.645525	-7.22764	2
10.40493	-3.984437	2
1.211029	-6.862293	2
6.021605	-3.01367	2
13.54268	3.702773	2
9.69705	-0.9152658	2
5.611899	7.272615	2
11.77612	-5.920475	2
10.39611	3.160626	2
1.819148	13.22355	2
6.399934	-1.850239	2
9.290854	-1.204861	2
14.41052	2.344263	2
17.51293	-1.940042	2
-0.3958214	0.6011565	2
14.99421	2.055871	2
24.83118	2.213352	2
13.25145	-2.332019	2
4.420988	-11.173	2
5.926306	-8.654632	2
2.019238	2.081633	2
9.962927	8.846105	2
1.855265	-2.077317	2
12.01257	-2.611869	2
13.35872	-4.27095	2
2.373318	-0.266368	2
29.46595	1.272774	2
-0.4707732	-3.509745	2
15.16854	-6.565584	2
6.207294	-3.204301	2
6.471591	-1.485614	2
13.68772	-4.36131	2
7.16167	-6.553762	2
6.138431	-0.9710704	2
2.08658	0.2812578	2
7.196463	1.794273	2
13.4071	-1.335001	2
23.58322	-7.833788	2
14.12133	1.920965	2
17.36134	-0.03515874	2
10.68624	-8.808757	2
9.709343	-0.09478091	2
18.53044	5.226933	2
10.88626	-0.4924117	2
7.110171	1.484314	2
9.148978	-1.911675	2
3.467203	-0.5143482	2
16.53267	-12.11707	2
12.5227	8.129073	2
18.43524	16.61026	2
1.43986	-3.591475	2
2.574975	3.029979	2
9.742439	3.733241	2
1.614441	9.286442	2
3.844362	-10.16581	2
10.14019	0.320106	2
-4.277	-5.39932	2
15.99788	-1.784783	2
12.76474	0.9622081	2
11.84899	-0.1574959	2
8.012032	-1.515188	2
11.10453	-0.3405092	2
9.30427	6.047694	2
1.9095	2.734702	2
3.681081	-0.7259874	2
4.059322	-2.141521	2
24.30328	-3.658002	2
3.470678	1.165166	2
0.06768835	2.792351	2
2.675439	9.962508	2
9.296219	3.193635	2
16.29713	3.780119	2
10.20768	8.466445	2
8.923961	7.333474	2
15.50006	-3.129019	2
8.665089	2.41947	2
8.98199	-0.2696535	2
0.410913	2.276486	2
9.532491	4.187268	2
6.67975	5.544624	2
-1.056131	-8.605288	2
7.351636	-5.640022	2
3.080535	11.01019	2
8.490743	5.056818	2
7.857165	2.004958	2
13.4962	-15.81189	2
6.162332	-4.020668	2
9.517161	-0.3647346	2
-9.839448	3.637869	2
8.697388	-5.840823	2
4.593607	1.986219	2
15.3471	-4.399483	2
-3.18888	10.57042	2
13.29402	0.397484	2
7.970373	1.59853	2
10.92855	2.044343	2
4.073108	9.20505	2
10.28421	3.023011	2
7.296937	-13.95598	2
-5.724402	4.757073	2
-1.956119	-0.2783289	2
9.438958	-6.545296	2
2.981252	3.739734	2
17.40081	-11.18983	2
7.033309	-2.242006	2
1.968673	-1.719601	2
13.63637	7.164589	2
10.1564	-5.146804	2
-2.399608	14.88943	2
15.73116	5.259663	2
6.356042	3.674747	2
12.15345	9.438344	2
0.9009155	1.829254	2
0.6157474	0.6087146	2
-4.034962	-10.5697	2
0.06224883	4.669232	2
8.527817	-2.811759	2
7.708989	-5.225903	2
-1.238386	6.506852	2
22.17662	6.809869	2
9.455849	-7.19333	2
8.57695	-2.13184	2
3.8778	0.622709	2
10.5201	2.400735	2
3.665018	-8.46441	2
9.199754	-3.80195	2
9.699752	-3.872577	2
15.53234	-4.206856	2
20.48116	-1.518588	2
4.935356	-0.6124211	2
-6.10912	-8.791151	2
16.06882	6.040155	2
7.285935	-7.135427	2
-3.222243	0.7926187	2
4.254611	-1.956838	2
-8.036878	14.12381	2
19.15783	-2.502187	2
5.980433	0.7981	2
2.281591	-3.784282	2
1.389623	5.712096	2
8.746137	1.208624	2
9.510432	-1.230506	2
6.904554	2.962277	2
12.27032	0.4060793	2
19.48922	1.867266	2
2.064775	-2.333685	2
7.34312	1.719864	2
14.6148	-6.970224	2
15.20851	-5.3522	2
4.768437	9.389499	2
3.48631	8.29214	2
15.08183	1.486111	2
15.18414	-2.314984	2
5.51079	0.1019593	2
4.790991	-11.1549	2
5.807683	4.085367	2
5.927562	1.348498	2
12.80097	1.701372	2
-1.320216	1.167824	2
11.46768	-1.728814	2
12.6448	1.16121	2
9.137647	0.5536052	2
21.81232	5.528692	2
16.93257	3.465974	2
4.753816	0.01787771	2
-2.245604	-0.08560534	2
-6.397264	-2.196835	2
9.743395	-10.31246	2
12.31567	6.358756	2
4.87535	6.127011	2
4.663829	-5.424362	2
4.890201	0.4747132	2
2.059868	4.776403	2
20.102	-2.608653	2
1.126109	-6.434238	2
-0.6733122	5.265775	2
6.17084	3.757455	2
23.1736	0.03304621	2
12.46898	2.464077	2
8.080974	9.41583	2
5.600542	-0.9840658	2
0.05802374	4.451242	2
16.16273	-4.302532	2
10.5342	-1.412996	2
4.440293	2.987259	2
11.85155	-4.076531	2
27.38336	-2.844167	2
11.53933	-11.92486	2
14.5832	2.880305	2
12.83148	4.511801	2
4.892984	1.492018	2
12.50791	-3.884324	2
5.782529	-7.312948	2
1.481111	-3.635682	2
14.67331	-2.652715	2
9.719899	4.85649	2
15.28832	-7.356842	2
18.27864	-1.69088	2
27.59086	-1.337311	2
28.30033	0.3526571	2
12.76519	9.317953	2
13.94908	0.3859523	2
3.704802	1.574932	2
9.93647	0.1656871	2
12.26443	0.009692856	2
1.365267	-0.5993908	2
9.710522	0.7021187	2
3.40498	1.556823	2
7.553006	6.58369	2
-0.00317648	-11.82637	2
9.228242	2.537707	2
5.362408	4.828997	2
11.51946	-5.851624	2
9.955775	6.281845	2
2.546233	2.139547	2
4.216891	2.028958	2
4.224188	-1.692555	2
12.75587	5.666701	2
6.156542	10.16694	2
10.35386	13.51915	2
6.886482	9.364993	2
2.27765	3.062045	2
12.99753	-6.680858	2
5.731688	-1.895001	2
12.53873	2.897334	2
17.21438	0.2121729	2
2.787366	-1.027479	2
11.46027	0.5179696	2
6.129187	2.038165	2
11.93192	-4.575351	2
4.06908	-13.09689	2
-0.4619154	6.422599	2
3.630777	-2.342264	2
16.55215	5.783347	2
16.13368	-1.730772	2
21.55288	-0.3478411	2
8.63673	-0.579649	2
-4.991767	3.481808	2
23.14562	-6.663376	2
0.06149094	-12.6092	2
11.30078	-4.355036	2
5.99236	3.999987	2
5.956628	5.569383	2
9.689629	-0.2011487	2
17.5134	-0.5082439	2
6.161296	-2.266915	2
19.04285	3.577256	2
19.8046	2.535454	2
1.791317	5.756084	2
7.51661	-3.978031	2
10.33405	-9.669712	2
14.49423	2.509156	2
3.866077	-5.775584	2
13.02422	-3.957071	2
8.369947	6.305702	2
2.581887	8.636885	2
2.242311	4.987832	2
7.58728	1.006299	2
5.744597	5.902036	2
2.686525	-4.21647	2
8.696578	-9.049131	2
-0.6488052	-5.4279	2
15.07121	-1.362301	2
15.9542	-1.314362	2
22.13927	-3.442319	2
6.242604	4.52344	2
10.7185	6.062102	2
16.0746	-3.791097	2
2.782701	2.774218	2
7.19954	1.720438	2
13.31178	-6.408671	2
10.99498	6.249635	2
18.17736	-9.96644	2
19.01172	2.861641	2
-2.476411	6.376647	2
15.89479	-2.035808	2
8.857501	2.125003	2
9.705199	5.959844	2
7.568702	12.92804	2
7.497341	-0.524029	2
0.7397295	3.308772	2
7.786816	-2.003174	2
0.05751581	0.900577	2
6.383766	4.960661	2
22.06186	7.523844	2
12.98692	-5.303651	2
4.712791	4.178606	2
-3.514377	9.968852	2
-0.4566798	-2.052106	2
12.0593	0.6793041	2
-1.0347	8.786465	2
17.26571	0.922555	2
11.30719	-0.6822131	2
9.680421	-8.906799	2
10.22127	-0.5493289	2
12.94308	-17.25495	2
6.709192	1.689678	2
16.40278	-1.471345	2
4.463155	-0.8107932	2
2.542456	10.34799	2
12.33502	9.961673	2
2.532424	-1.607909	2
9.094808	6.430365	2
-3.308484	3.08902	2
1.745616	-5.354472	2
-5.22396	-2.660585	2
2.649575	-3.900244	2
1.839561	5.61267	2
4.340385	-3.193149	2
2.038145	5.1351	2
8.991419	-1.26368	2
10.7824	-2.507951	2
14.05821	4.791274	2
11.39312	3.1091	2
3.582456	8.038556	2
6.562613	-10.98085	2
-0.4140191	-6.828681	2
11.7735	9.682576	2
7.541641	0.7941673	2
5.892987	1.186472	2
7.146546	-3.888551	2
8.832158	-1.467099	2
9.271981	4.916462	2
4.040652	1.347931	2
7.504279	12.32807	2
6.369244	-8.133169	2
11.41521	7.657555	2
23.77445	1.498306	2
4.67692	4.004958	2
5.787155	3.921584	2
19.91411	-3.131517	2
9.113751	9.398185	2
-4.809288	9.322906	2
1.74066	-1.670063	2
-5.212512	-1.31937	2
10.27395	-11.58296	2
-1.492099	13.78324	2
7.711427	-5.030272	2
-5.66499	1.703987	2
8.962489	10.23149	2
9.928958	-1.199304	2
13.05338	-1.943853	2
8.125443	3.024049	2
-5.749081	4.256723	2
6.442804	-2.660825	2
9.415308	-4.463976	2
20.17817	1.943448	2
14.86405	-2.199477	2
6.014637	-13.36678	2
5.00498	-0.6541339	2
17.37628	1.615323	2
4.023888	-0.5645538	2
1.139545	0.6013563	2
5.612605	-6.305441	2
14.12651	-10.59859	2
20.62992	-8.171432	2
13.79303	11.08971	2
-0.2522679	-1.468575	2
4.246924	-14.88631	2
4.890382	-12.27113	2
4.831193	1.114525	2
-5.846866	-2.038235	2
9.230068	-1.747657	2
12.25661	-7.457593	2
10.73782	5.503429	2
17.69621	0.1821232	2
-3.531255	6.411082	2
2.285719	3.170805	2
16.04171	-5.228609	2
11.25337	-2.971115	2
12.59885	-1.326211	2
13.33869	3.98485	2
1.705198	-6.697629	2
14.6319	4.414777	2
5.115112	3.811954	2
4.372826	-3.091256	2
5.483524	-2.950199	2
3.491765	-2.79611	2
-0.4052805	-9.405944	2
-1.296683	1.098645	2
6.717626	-7.788209	2
3.609557	8.983261	2
6.323205	3.841699	2
0.3309718	3.722166	2
8.036554	-6.347673	2
0.8241982	4.53431	2
-4.596163	-1.152145	2
-3.229921	-4.343036	2
11.60877	-6.554787	2
5.676345	-8.037508	2
16.82222	-7.249123	2
7.817439	-0.2950066	2
11.73778	-2.357272	2
12.0049	5.766943	2
13.84924	-1.320738	2
14.48436	-1.704978	2
2.526022	7.148828	2
11.18908	-4.978398	2
-7.323853	7.708576	2
12.35367	-2.876732	2
13.29136	7.180682	2
13.36385	-2.608755	2
7.945161	6.551993	2
10.50555	1.010002	2
16.24905	1.614099	2
14.49268	0.8679591	2
4.617369	-2.83029	2
4.622428	-1.550821	2
-1.442127	13.53977	2
-4.438391	6.308838	2
2.164985	1.414059	2
3.176326	7.16019	2
7.883595	-5.724936	2
4.079445	-2.514327	2
0.8192806	3.295054	2
0.2458379	-2.300669	2
3.633457	-0.4938626	2
11.17988	0.918196	2
8.006425	-5.791323	2
7.94872	3.863412	2
8.709285	13.02252	2
6.111552	0.431794	2
11.58036	5.099205	2
1.202828	-13.31347	2
19.75221	-0.3280144	2
-3.749873	10.09006	2
2.297862	-4.19038	2
19.61454	2.119721	2
13.54163	2.029387	2
12.41923	12.01555	2
-6.879373	0.9595831	2
8.822761	-3.572789	2
11.28605	7.642896	2
2.726793	5.036554	2
11.69876	0.2373417	2
17.14851	-1.536856	2
18.60093	0.7126227	2
13.22212	-1.174424	2
5.688215	-2.708651	2
9.318655	6.452519	2
13.91153	0.608596	2
6.800947	-5.628817	2
28.52272	-1.394173	2
6.565845	-2.331807	2
13.69838	4.882183	2
8.506396	3.836607	2
16.22398	-6.88565	2
8.572651	1.030773	2
8.919568	7.477675	2
7.406454	1.01763	2
2.961558	2.434665	2
11.55536	5.027446	2
7.171141	3.147349	2
4.140358	-2.103638	2
-3.274172	4.437705	2
-6.136837	-4.079493	3
-5.518721	-9.919699	3
-8.037971	-13.19088	3
-6.132863	-7.579955	3
-15.17284	-2.458246	3
-6.232977	-8.080936	3
-3.128851	-12.26801	3
-8.551138	-10.84937	3
-8.058159	-8.36513	3
-9.03721	-10.4612	3
-7.621242	-12.81494	3
-14.46963	0.2120607	3
-15.27402	-3.142373	3
-2.034114	-13.74478	3
-9.89148	-8.369878	3
-8.371983	-13.73906	3
-3.518556	-10.76599	3
-8.487193	-8.946943	3
-3.534839	-14.57699	3
-17.04797	-0.1339219	3
-12.00926	-9.034365	3
-7.403123	-10.20596	3
-2.788232	-7.915744	3
-2.956671	-12.36698	3
-2.654407	-13.74431	3
-8.565881	-6.997375	3
-5.896623	-7.759249	3
-5.46503	-12.58528	3
-7.88119	-4.903622	3
-11.31496	-6.581044	3
-2.342021	-9.671055	3
-8.552816	-0.4309246	3
-7.794256	-13.87583	3
-6.658891	-11.64465	3
-7.518547	-8.611361	3
-8.023886	-9.329806	3
-5.753019	-9.299807	3
-7.98651	-10.87866	3
-10.67127	-6.13091	3
-5.943351	-14.02137	3
-1.634964	-13.79984	3
-8.070562	-3.925338	3
-10.97629	-5.793089	3
-8.143602	-6.591048	3
-8.068161	-6.821281	3
-6.046186	-10.48786	3
-13.40344	-5.433359	3
-8.914952	-8.064125	3
-12.07716	-0.9485364	3
-6.066303	-3.373829	3
-10.42983	-8.631028	3
-11.37728	-0.2051436	3
-12.69477	-7.635886	3
-11.08895	-6.174639	3
-17.61012	-1.899068	3
-8.053299	-9.187656	3
-7.415862	-7.609219	3
-3.901901	-9.969135	3
-4.552602	-7.188673	3
-0.2608933	-13.27803	3
-8.728555	-10.83856	3
-8.01658	-13.33679	3
-10.53187	-7.072453	3
-11.90641	-7.02579	3
-4.884908	-13.72483	3
-4.463408	-11.26541	3
-10.3277	-7.176295	3
-8.527146	-9.189442	3
-10.45248	-2.315632	3
-18.38252	-0.7333517	3
-10.57129	-5.031493	3
-10.63849	-5.66356	3
-6.190348	-7.091426	3
-12.84392	-10.08754	3
-4.80747	-11.17597	3
-9.441281	-5.678206	3
-13.28604	-6.305911	3
-8.295797	-12.00614	3
-6.266939	-7.763986	3
-1.772052	-9.940008	3
-7.681205	-7.244265	3
-9.862756	-5.177061	3
-9.949867	-6.446692	3
-5.542316	-6.301988	3
-8.837276	-6.066919	3
-11.28167	-4.945605	3
1.922081	-14.70205	3
-9.282552	-5.420272	3
-8.279808	-11.03914	3
-14.20916	-0.6153245	3
-10.77567	-11.15874	3
-14.19393	-5.394016	3
-9.812265	-9.293151	3
-12.03805	-0.7590641	3
-9.324998	-12.53749	3
-2.74528	-7.781816	3
-7.925318	-9.024753	3
-11.28614	-8.898295	3
-5.040375	-8.738602	3
-10.47354	-10.5336	3
-7.531336	-7.090655	3
-5.921383	-13.76139	3
-10.15087	-11.53866	3
-4.354753	-10.93791	3
-9.830397	-8.07277	3
-3.052792	-7.45005	3
-3.158483	-9.580087	3
-5.119527	-12.83512	3
-7.958026	-14.78309	3
-9.541272	-6.376668	3
-8.378926	-4.91504	3
-7.89867	-6.638549	3
-8.586304	-9.823959	3
-6.225614	-2.297001	3
-8.952299	-8.92289	3
-10.23159	-9.25713	3
-4.46608	-13.30776	3
0.6013085	-15.06259	3
-16.34525	-0.006916557	3
-13.49557	-3.558849	3
-0.5784261	-16.65522	3
-4.784686	-11.06173	3
-7.877357	-8.586278	3
-7.47298	-11.17623	3
-9.374043	-13.72512	3
-8.213478	-10.03531	3
-2.639296	-11.03141	3
-10.31503	-11.04696	3
-7.672748	-12.7237	3
-7.661292	-7.038746	3
-5.924892	-10.68307	3
-6.901473	-6.231819	3
-12.30176	-8.332056	3
-2.877423	-10.45865	3
-11.89788	-6.520532	3
-1.790804	-14.06499	3
-7.666592	-9.804075	3
-9.205586	-5.162248	3
-8.03147	-11.55307	3
-4.971374	-8.089076	3
-5.469857	-6.142338	3
-12.47868	-3.932331	3
-12.78941	-3.04627	3
-0.9557516	-15.60826	3
-7.667062	-11.65344	3
-14.34937	-2.703116	3
-7.530665	-5.986436	3
-4.229469	-12.19889	3
-6.596356	-12.76669	3
-7.092363	-7.702405	3
-6.717364	-5.628618	3
-6.395214	-8.724847	3
-9.481638	-9.586293	3
-9.147282	-5.102931	3
-8.006304	-3.514526	3
-3.822002	-11.08617	3
-7.874535	-7.154758	3
-9.439981	-7.591766	3
-5.029242	-12.07177	3
-10.90029	-6.031669	3
-12.89919	-4.595279	3
-5.378678	-6.815924	3
-7.466252	-11.2493	3
-9.244207	-9.262252	3
-4.707611	-4.631607	3
-13.38957	-3.255217	3
-8.150536	-9.267068	3
-6.334644	-14.38372	3
-7.308616	-9.887983	3
-9.873767	-5.688683	3
-12.93065	-9.774775	3
-4.695816	-12.75831	3
-13.10481	-2.23823	3
-14.43352	-5.745925	3
-3.633479	-9.628601	3
-5.957935	-4.331267	3
-6.474935	-16.5391	3
-6.532684	-9.286593	3
-14.42928	-2.940139	3
-4.998648	-10.79552	3
-2.008381	-12.77043	3
-14.63615	-0.5663771	3
-8.243981	-10.94326	3
-3.152767	-12.68403	3
-3.711523	-13.69234	3
-4.427218	-13.47544	3
-7.789428	-8.186286	3
-7.790081	-8.0317	3
-5.90425	-3.767432	3
-5.04589	-6.720332	3
-8.736004	-3.324407	3
-7.481068	-7.608784	3
-14.35715	-3.996671	3
-9.128192	-7.372741	3
-9.729653	-0.7717003	3
-12.5787	-5.855586	3
-9.914738	-4.659063	3
-6.504152	-8.725103	3
-12.73735	-5.218959	3
-9.278468	-9.694071	3
-16.05483	-3.095852	3
-13.42086	-4.323076	3
-4.65322	-9.950711	3
-10.12584	-11.19253	3
-5.965987	-9.720077	3
-2.927989	-14.02735	3
-8.9412	-8.28214	3
-9.591714	-7.834375	3
-7.353309	-7.706533	3
-4.298183	-9.00981	3
-5.863632	-10.1937	3
-10.1926	-2.237004	3
-8.340324	-9.239446	3
-11.14566	-6.897755	3
-11.91007	-4.958878	3
-5.801434	-9.978071	3
-7.914354	-2.338533	3
-9.194535	-7.358958	3
-6.355929	-7.395861	3
-8.244754	-9.5695	3
-11.86636	-2.583988	3
-7.44791	-6.800953	3
-18.721	2.075171	3
-7.026602	-10.00468	3
-12.49208	-5.299231	3
-8.602955	-5.104698	3
-9.322177	-6.314758	3
-5.175983	-10.37096	3
-8.909429	-12.2688	3
-12.29617	-8.519839	3
-8.767946	-5.860744	3
-15.36686	-0.845356	3
-7.849541	-4.798178	3
-5.078325	-12.62004	3
-5.30636	-13.46862	3
-12.44863	-6.00255	3
-7.781832	-12.75863	3
-6.018099	-11.96953	3
-5.147986	-10.25285	3
-10.16395	-6.120287	3
-7.112478	-7.374374	3
-1.963529	-10.16041	3
-11.11564	-5.52527	3
-6.636175	-5.496708	3
-12.93141	-2.76125	3
-11.43562	-5.712553	3
-3.187673	-10.04713	3
-3.887525	-13.67695	3
-7.71385	-10.60637	3
-6.949262	-6.745019	3
-14.87413	-5.02294	3
-13.9236	-4.684286	3
-2.861282	-9.980136	3
-5.075531	-13.92735	3
-8.874875	-0.8419663	3
-6.889367	-12.0256	3
-18.9564	-0.9088083	3
-4.081697	-11.94462	3
-4.150396	-11.99863	3
-0.7524305	-13.27837	3
-10.23809	-4.954448	3
-3.243253	-12.01898	3
-10.58786	-4.456122	3
-8.12117	-7.891487	3
-2.475681	-14.50923	3
1.521466	-14.52386	3
-5.230291	-11.96735	3
-7.075746	-6.725045	3
-5.716676	-13.1086	3
-6.834201	-11.48402	3
-4.738881	-10.75976	3
-9.29505	-10.79739	3
-10.71076	-9.988272	3
-7.98752	-9.147703	3
-1.869616	-12.92827	3
-6.885513	-8.449403	3
-10.07081	-5.904619	3
-8.929455	-8.841595	3
-8.961584	-11.50521	3
-10.51774	-10.28831	3
-7.388509	-9.893567	3
-14.90442	-2.813143	3
-8.46412	-11.12732	3
-6.401013	-8.774628	3
-9.210407	-6.38457	3
-3.006745	-11.41657	3
-5.08991	-11.31915	3
-3.653571	-10.99671	3
-7.847264	-9.073966	3
-10.24113	-6.654389	3
-10.02494	-6.141541	3
-11.20762	-6.367414	3
-8.490799	-10.7365	3
-11.15553	-7.867288	3
-6.376782	-11.60488	3
-7.665577	-10.34813	3
-8.188886	-7.255325	3
-9.516658	-7.897742	3
0.1156954	-9.43747	3
-0.0977843	-13.56096	3
-6.532697	-11.13384	3
-2.860684	-11.68995	3
-3.815242	-7.853241	3
-15.84773	-5.145183	3
-13.28862	-2.62357	3
-6.649733	-8.021999	3
-10.85129	-6.527758	3
-3.096018	-7.592007	3
-6.197475	-8.126689	3
-13.12516	-0.03936048	3
-5.689555	-9.209553	3
-5.939113	-11.74529	3
-6.222274	-9.031146	3
-13.07005	-4.371811	3
-7.494708	-9.793652	3
-4.665562	-10.62547	3
-8.351788	-11.12391	3
-11.45571	-7.837207	3
-11.17548	-1.387249	3
-12.81371	-6.442307	3
-5.864712	-11.33993	3
-16.97145	-3.941794	3
-7.375496	-8.143162	3
-6.483471	-7.522307	3
-4.709335	-9.68606	3
-8.117127	-7.352114	3
-11.83971	-2.68365	3
-5.050786	-4.261734	3
-8.318035	-5.459904	3
-7.183642	-4.719554	3
-6.585206	-11.25766	3
-16.31299	-1.586563	3
-9.948021	-6.056316	3
-7.206422	-8.162297	3
-10.52291	-7.16954	3
-12.4848	-3.16183	3
-5.352682	-7.814067	3
-9.170968	-9.097183	3
-5.600469	-9.777273	3
-9.246504	-5.6713	3
-5.686933	-8.702669	3
-9.432113	-12.05411	3
-0.9460855	-12.51632	3
-4.39797	-19.83317	3
-11.3676	-2.699744	3
-11.1534	-2.865832	3
-6.23108	-10.08711	3
-9.761644	-10.52396	3
-3.106921	-12.55573	3
-9.305151	-9.387182	3
-0.04793361	-13.69643	3
-9.232211	-11.9042	3
-9.936265	-3.292425	3
-5.241574	-6.757968	3
-6.410388	-9.606086	3
-3.938703	-12.87182	3
-7.89364	-1.982861	3
-6.163903	-8.242728	3
-8.447976	-11.97951	3
-9.847814	-8.373721	3
-7.822436	-9.263709	3
-11.29003	-8.868343	3
-9.615549	-7.904254	3
-7.472645	-9.923548	3
-11.03792	-6.752498	3
-8.752957	-10.72339	3
-9.32868	-8.398205	3
-5.842353	-10.68044	3
-7.930447	-9.666067	3
-11.06325	-8.615534	3
-8.778112	-12.7048	3
-1.00982	-13.27194	3
-4.734612	-9.445773	3
-5.097086	-6.840503	3
-3.862021	-13.17611	3
-10.59411	0.6975001	3
-3.559838	-14.13066	3
-12.1623	-6.735523	3
-12.65376	-6.946186	3
-9.16441	-6.468928	3
-9.541815	-7.808399	3
-4.953322	-13.16935	3
-8.679166	-8.150061	3
-9.508073	-1.66968	3
-0.6013712	-9.57097	3
-4.284695	-13.46302	3
-1.483308	-9.328877	3
-11.22128	-5.847113	3
-5.641152	-7.520895	3
-7.179107	-4.430274	3
-5.571746	-10.19746	3
-3.545688	-13.53452	3
-5.132708	-12.9951	3
-7.653668	-10.48141	3
-6.850772	-7.433097	3
-5.642522	-10.83141	3
-3.938184	-11.67121	3
-9.319119	-7.894302	3
-5.592029	-10.24219	3
-5.71425	-10.82759	3
-9.136863	-6.241509	3
-7.507834	-9.780452	3
-3.042378	-9.092397	3
-6.788702	-8.004127	3
-14.86909	-2.95165	3
-8.76499	-3.142692	3
-8.727698	-15.35529	3
-6.889345	-4.674324	3
-11.22854	-2.779572	3
-13.96647	-1.34088	3
-16.14661	-9.453545	3
-8.220012	-3.035021	3
-3.999686	-12.98493	3
-5.731251	-13.16756	3
-5.051933	-11.73964	3
-2.876854	-12.82968	3
-0.4562609	-9.944822	3
-3.22867	-13.8633	3
-7.991669	-7.656475	3
-8.311805	-8.184576	3
-9.611178	-6.872331	3
-6.509437	-10.5859	3
-10.43555	-7.542159	3
-11.05332	-3.182365	3
-12.78103	-4.07045	3
-13.37273	-8.955912	3
-8.766053	-3.19006	3
-1.759343	-12.0673	3
-3.779757	-15.35995	3
-13.28848	5.088803	3
-5.86533	-12.44987	3
-6.795846	-10.4772	3
-10.19794	-9.939052	3
-7.570366	-9.111398	3
-4.446472	-10.00438	3
-17.95816	-1.047753	3
0.2219444	-13.11244	3
-7.163952	-8.952848	3
2.398237	-14.27727	3
-12.13149	-5.913237	3
-3.599357	-14.14645	3
-20.16019	2.859518	3
-8.602277	-10.6674	3
-6.540227	-13.28908	3
0.01462717	-10.38473	3
-6.073117	-12.91921	3
-10.93956	-6.208488	3
-9.258763	-7.937782	3
-12.36346	-6.597114	3
-4.467176	-12.91733	3
-7.729918	-8.416504	3
-6.278595	-6.437238	3
-10.53624	-7.557384	3
-10.83671	-9.695095	3
-8.902214	-9.48746	3
-6.306626	-13.11362	3
-2.358967	-12.12553	3
-4.797157	-20.81018	3
-7.699208	-11.07417	3
-9.072215	-0.02454004	3
-11.6	-8.096282	3
-7.214016	-8.093136	3
-7.768454	-6.091695	3
-10.54442	-5.423255	3
-5.47837	-8.70482	3
-13.21269	-3.161505	3
-11.54331	-3.561538	3
-6.176424	-6.548674	3
-13.09786	-3.761938	3
-10.09148	-12.29282	3
-8.426307	-13.96697	3
-8.051994	-5.569039	3
-8.215293	-3.552515	3
-11.95452	-0.9871976	3
-8.844157	-9.83578	3
-8.1751	-4.917539	3
-6.278051	-9.485493	3
-7.145719	-6.004455	3
-2.204806	-11.51994	3
-10.73386	-7.277898	3
-7.142271	-11.10795	3
-10.01753	-5.417682	3
-13.52507	-5.620545	3
-3.67688	-13.18958	3
-5.770223	-4.856694	3
-7.409459	-9.897973	3
-1.240828	-11.36601	3
-10.46927	-10.67207	3
-7.911896	-9.887829	3
-13.65845	-7.432274	3
-15.9664	-1.843466	3
-10.48068	-5.477177	3
-9.506359	-5.998635	3
-11.60508	-9.365134	3
-7.129597	-11.08431	3
-15.59253	-6.381654	3
-6.46655	-7.599364	3
-11.9597	-6.228402	3
-10.81616	-1.401318	3
-13.60244	-5.543191	3
-11.84976	-5.073579	3
-8.849281	-12.06594	3
-11.0441	-9.732569	3
-7.037576	-11.94004	3
-6.609485	-10.83962	3
-4.058874	-15.78104	3
-7.38318	-15.53236	3
-4.242754	-12.55128	3
-5.5884	-17.44006	3
-13.75728	-7.917479	3
-7.095697	-9.807697	3
-4.239342	-9.581486	3
-6.914701	-11.05056	3
-2.103924	-15.9405	3
-12.8671	-3.499617	3
-8.658584	-11.87285	3
-2.969379	-17.07717	3
-10.08306	-9.509808	3
-15.0007	-5.208384	3
-10.84683	-11.90421	3
-4.495391	-5.998512	3
-7.906152	-7.012677	3
-8.316607	-7.630709	3
-12.74364	-7.631305	3
-10.11325	-4.674516	3
-9.678825	-4.097768	3
-3.440976	-6.507733	3
-13.7622	-4.844304	3
-5.242945	-10.05657	3
-6.157559	-4.665781	3
-10.45205	-7.344577	3
-7.194168	-9.840938	3
-9.324212	-7.755608	3
-4.395597	-10.89903	3
-5.153997	-12.54824	3
-18.07526	-5.877091	3
-9.805243	-5.532528	3
-3.654334	-9.279308	3
-6.334557	-5.039742	3
-12.95255	-3.341819	3
-6.353802	-6.762766	3
-12.03007	-6.64307	3
-7.308731	-12.43877	3
-2.922327	-12.87085	3
-8.964881	-8.024422	3
-6.595657	-11.02138	3
-9.210803	-6.73907	3
-8.802379	-6.629568	3
-5.71711	-10.14973	3
-10.24118	-2.168861	3
-5.005118	-8.176809	3
-7.368943	-5.975511	3
-8.439559	-1.472834	3
-6.382267	-4.788255	3
-7.051044	-5.871191	3
-9.616965	-14.12347	3
-7.131993	-9.310377	3
-3.353915	-13.60356	3
-7.601456	-8.430392	3
-9.255259	-12.67754	3
-4.227427	-9.100573	3
-9.943036	-10.7248	3
-2.199687	-16.49202	3
-8.86826	-0.9402235	3
-8.736671	-4.248272	3
-5.849278	-7.958124	3
-12.98928	2.009342	3
-1.293062	-12.69433	3
-12.54343	-3.265965	3
-8.496973	-7.549731	3
-4.39202	-11.45327	3
-10.65269	-5.104353	3
-6.29161	-9.749947	3
-9.974891	-5.889258	3
-7.687353	-9.980277	3
-7.326807	-8.087735	3
-7.496163	-10.64584	3
-6.974432	-2.978972	3
-7.095067	-10.34237	3
-17.24517	-5.144208	3
-6.577042	-6.638243	3
-7.320328	-10.20297	3
-11.74258	-2.722236	3
-8.215394	-6.188111	3
-1.57576	-15.83664	3
-4.684861	-6.560297	3
-7.560464	-11.96676	3
-5.442113	-8.826977	3
-6.098195	-5.411852	3
-12.95088	-6.881724	3
-9.557222	-7.867938	3
-9.105427	-3.744857	3
-7.36112	-6.938292	3
-5.665219	-6.320479	3
-8.006643	-9.919755	3
-0.8279671	-17.98808	3
-8.645586	-10.48394	3
-4.91333	-11.86923	3
-1.630491	-10.98365	3
-6.925961	-7.458145	3
-10.2858	-3.85622	3
-5.486738	-13.15891	3
-6.31351	-8.615291	3
-9.914686	-7.618955	3
-6.145043	-9.609398	3
-2.943437	-11.20229	3
-13.86583	-3.351894	3
-16.81056	-6.137994	3
-10.79244	-6.651535	3
-2.102734	-18.81573	3
-5.622174	-7.444835	3
-12.3136	-8.617809	3
-7.834244	-9.875286	3
-9.974583	-13.62415	3
-5.810025	-10.96975	3
-3.617346	-13.12472	3
-7.115807	-10.67455	3
-8.550217	-8.950476	3
-7.210417	-5.168544	3
-7.72483	-11.49335	3
-9.495293	-7.951405	3
-3.537024	-8.851558	3
-7.79823	-3.547168	3
-1.649311	-6.984343	3
-12.50265	-1.941685	3
-2.672676	-9.164279	3
-8.793429	-8.28307	3
-7.527877	-9.128053	3
-10.53044	-4.668097	3
-7.382233	-7.01188	3
-6.133088	-5.323182	3
-8.759463	-6.503325	3
-7.349351	-8.335545	3
-8.882939	-5.443278	3
0.05827414	-13.77793	3
-7.425338	-7.640857	3
-12.3798	-5.528467	3
-5.306264	-6.751155	3
-12.73315	-11.05592	3
-6.311261	-12.68672	3
-4.341567	-8.503946	3
-10.59659	-5.51339	3
-5.863464	-12.02794	3
-5.496991	-6.509708	3
-0.2827337	-10.26501	3
-5.987348	-11.11201	3
-11.79346	-4.106842	3
-12.1296	-3.982333	3
-9.890666	-11.9525	3
-12.45152	-4.106869	3
-5.407552	-8.356562	3
-7.058174	-12.8903	3
-4.02206	-10.99683	3
-0.8955349	-13.52604	3
-4.535774	-14.82822	3
-14.53575	-13.71968	3
-1.302976	-13.50066	3
-12.54585	-3.994735	3
-7.943745	-10.71506	3
-10.25135	-15.34729	3
-12.90423	-1.265261	3
-12.54695	-4.719607	3
-7.696659	-4.034709	3
-8.408514	-8.612379	3
-15.20998	-3.934926	3
-8.157295	-11.20334	3
-9.535391	-7.849932	3
-6.80327	-12.14362	3
-5.943319	-11.76682	3
-13.27529	-7.034746	3
-8.51686	-9.291256	3
-9.566846	-8.970193	3
-8.777976	-7.306243	3
-9.844638	-5.811475	3
-5.425532	-10.72381	3
-9.923247	-3.459572	3
-14.8294	-2.362801	3
-7.506148	-8.839563	3
-5.122394	-9.635752	3
-6.752982	-11.6691	3
-9.214652	-11.21437	3
-8.078365	-10.72983	3
-15.20057	-3.839716	3
-12.7187	-5.91893	3
-11.74826	-8.62553	3
-4.913387	-12.25151	3
-12.04158	-0.7420674	3
-4.707527	-7.868957	3
-5.471813	-8.361089	3
-10.50229	-3.883024	3
-8.69979	-11.96141	3
-4.981633	-7.391107	3
-4.73656	-9.127025	3
-7.911785	-5.445538	3
-10.16214	-7.38639	3
-14.02364	-7.126263	3
-12.6794	-7.696741	3
-11.18537	-5.706643	3
-11.30572	-6.295999	3
-10.38217	-10.19521	3
-5.420226	-15.51093	3
-8.976918	-10.66127	3
-6.890987	-9.251878	3
-11.9486	-5.173874	3
-16.98966	-2.986912	3
-8.680218	-7.204339	3
-14.30195	-6.999744	3
-14.82184	-4.691929	3
-4.953485	-7.562058	3
-13.22576	0.6059354	3
-5.975516	-8.940855	3
-3.892385	-14.04714	3
-7.400563	-10.92576	3
-8.419068	-4.193419	3
-12.6354	-8.107761	3
-14.04418	-2.914037	3
-4.393387	-8.008027	3
-5.370673	-13.14845	3
-8.452188	-2.10488	3
-8.845274	-12.19933	3
-18.10811	-14.53971	0
26.68178	7.107436	0
-11.64354	5.09651	0
18.33504	-16.3877	0
3.507149	16.68657	0
-16.68185	5.68827	0
-18.78779	-3.841312	0
25.84964	-7.164735	0
25.02824	5.587979	0
24.61565	-18.45534	0
26.22955	-10.52764	0
-11.829	16.37323	0
24.28923	15.73521	0
16.09649	-19.76528	0
-5.141686	16.083	0
24.35357	-19.89474	0
6.122196	-16.28649	0
-7.854043	-16.18011	0
21.27063	-16.53323	0
28.41228	-18.62573	0
20.61009	15.74371	0
23.68198	9.596073	0
10.42775	15.52746	0
-17.12284	-19.5692	0
21.34283	14.32225	0
-2.375847	15.90762	0
10.79963	-16.41483	0
-18.61743	2.629294	0
-11.24322	12.75563	0
21.70057	14.83568	0
-15.46737	12.24702	0
-19.80817	1.369381	0
-2.1962	14.89973	0
11.62622	16.22142	0
22.99955	12.74758	0
26.43297	-10.53976	0
-7.971282	-18.93117	0
-20.14567	-8.868699	0
-0.1646912	14.33121	0
21.43815	-18.07174	0
-18.77666	-2.101012	0
-14.80301	-19.76489	0
-1.246137	14.20855	0
26.45512	-1.203791	0
25.38885	-17.37044	0
-6.767703	10.28825	0
17.41891	-17.00975	0
28.53662	-7.96236	0
-19.98426	6.929597	0
20.01577	14.94215	0
21.72777	-13.0307	0
-17.81009	-5.819962	0
19.11304	-12.95282	0
3.936898	-17.89103	0
15.67168	-14.50847	0
-0.8078801	-20.80161	0
27.1007	11.99857	0
-18.42656	6.033147	0
24.21671	-14.01042	0
-10.98259	11.50399	0
-13.52833	11.3717	0
25.87107	9.812387	0
-18.94892	4.24668	0
-7.97686	-16.91261	0
28.21238	-6.978995	0
-6.635196	-19.99047	0
28.15031	-13.37899	0
-12.7096	10.25936	0
25.35733	5.274743	0
18.90438	-18.64823	0
26.79213	-14.49495	0
25.10273	-14.79401	0
-10.05201	13.62633	0
-16.79753	-16.14648	0
27.75925	-18.77321	0
-6.827042	-17.50298	0
16.44184	15.15239	0
25.40561	-18.86928	0
23.65037	-20.60671	0
-15.3468	4.233589	0
29.02254	7.987964	0
-12.96761	8.51349	0
11.82722	-17.69591	0
-19.65995	11.38195	0
4.097463	-17.37878	0
22.42319	12.39802	0
22.86547	13.97988	0
7.658975	16.17064	0
-11.58236	2.767231	0
-2.63232	13.08256	0
27.01606	4.348801	0
21.7965	-20.36642	0
-14.50775	8.624205	0
-18.02898	-17.76324	0
8.648865	-19.19141	0
25.97528	-10.24437	0
-15.69847	-16.95379	0
7.557253	-15.33654	0
25.8682	-8.994106	0
16.29466	14.8944	0
25.9119	3.912002	0
4.498745	-19.94391	0
22.56264	15.87378	0
-3.062873	15.47904	0
-2.720271	16.43306	0
-17.8609	-14.19211	0
20.41194	13.76651	0
8.658151	-20.06266	0
-19.17351	-19.60982	0
16.2153	14.64458	0
26.09266	7.043463	0
-17.14667	3.988221	0
28.56443	-12.6224	0
-10.09734	10.73543	0
-13.88201	13.76856	0
24.48762	-18.13757	0
27.01624	-12.34843	0
11.38904	-20.8335	0
-17.57767	-14.38078	0
-8.516788	-16.76349	0
-7.720719	8.346173	0
20.18454	-13.87014	0
25.88399	5.116715	0
-12.05494	7.67695	0
19.20167	-16.45273	0
-8.387912	-15.93904	0
-2.548838	-19.02073	0
-13.6469	-11.76972	0
-11.80924	14.83381	0
-10.47642	-19.52084	0
-7.265854	-19.87223	0
-9.910735	-14.5557	0
19.56684	13.07096	0
24.52687	-16.64843	0
28.64389	11.51533	0
-7.273927	-17.03519	0
28.45311	-12.78238	0
-11.15558	9.390328	0
12.88855	-16.95552	0
25.01111	7.838081	0
26.06572	-15.82994	0
12.7734	-14.97105	0
20.71091	13.27673	0
7.525595	15.1944	0
-18.87699	-18.23894	0
20.87552	-11.65124	0
-13.14411	3.576399	0
25.52806	-6.034675	0
-17.21436	7.504379	0
-17.1535	11.18999	0
15.85713	-13.85412	0
22.62072	14.57455	0
-8.871126	16.6293	0
25.43222	15.06794	0
17.83142	-13.95379	0
-6.324654	15.0118	0
-17.29806	5.70065	0
23.2637	-12.29809	0
-5.540436	-18.61176	0
27.19576	-18.60354	0
18.13345	-16.33644	0
19.61433	11.58775	0
24.04081	11.3565	0
-7.428362	14.68007	0
27.19541	-7.621616	0
-18.09878	10.44766	0
12.19226	15.84446	0
25.37336	13.36501	0
22.45039	-19.18146	0
21.38007	-19.94583	0
-9.696428	6.899767	0
16.25042	15.3609	0
-15.33717	-15.66076	0
28.16107	-10.14189	0
-18.76497	1.033475	0
28.84174	14.49828	0
-18.0178	9.286412	0
9.650746	-14.99282	0
-6.33058	-17.60272	0
27.99352	7.221102	0
25.82749	-11.0081	0
24.44697	-15.04739	0
21.67652	10.37382	0
14.94634	15.85779	0
-3.894133	14.71397	0
7.641915	-18.99572	0
-4.904806	-19.62552	0
27.47218	0.01639286	0
14.93536	-19.21815	0
-16.99348	-19.6848	0
8.819648	-20.13462	0
14.10557	-16.10159	0
24.86984	-5.630544	0
18.04696	-17.52179	0
17.18104	13.60992	0
-13.45611	11.23112	0
29.39605	7.575252	0
-16.05353	8.895037	0
4.884155	-20.77647	0
-15.03983	4.925622	0
