1775.91 16.8 110.65 190.5 26.78 0 14.36 0 0 0 0
904.33 78.25 26.72 85.75 69.39 4.28 71.39 0 2.96 3 0
1308.29 76.03 73.52 112.61 61.97 2.44 110.34 0 0 1 0
2156.53 8.57 131.35 317.14 181.72 41.97 129.53 0 0 0 4
1556.95 0 282.5 5.05 0 9.32 13.01 0 8.86 0 36.34
6557.72 52.91 318.72 709.11 368.89 22.79 297.25 108.45 73.18 54 21.33
1565.86 65.47 169.36 195.36 105.95 10.89 24.33 0 0 1 16.05
932.88 1.4 36.77 35.47 0 0 31.47 0 0 0 5.98
1645.56 236.15 67.82 154.08 120.35 1.84 5.36 0 0.6 1 21.88
6681.19 52.47 814.15 923.18 546.59 0 309.97 25.96 15.12 37 61.49
1426.03 55.22 90.06 199.13 79.64 0 68.58 0 1.95 2 0
379.01 32.6 5.28 38.27 33.57 0 5.25 0 0 0 0
13834.36 1216.62 775.32 1371.7 637.9 3.7 153.14 0 49.18 16 19.14
20922.6 610.02 2600 3314.34 1859.36 126.74 847.26 3.5 73.4 28 37.36
3044.59 0 239.84 49.46 28.73 3.58 55.7 0 0.65 0 12.56
16859.01 88.26 475.95 1357.77 28.89 84.45 1243.47 132 218.22 16 21.21
15.12 0 0 0 0 0 0 0 0 0 0
22.86 4.42 0 3.17 0 0 1.45 0 0 0 0
6946.54 241.78 149.28 1115.68 439.14 0 355.58 2.58 62.48 4 6.56
2703.32 123.87 155.54 249.39 143.31 1.89 179.38 0 16.79 1 0
1370.29 78.83 52.77 364.61 144.82 8.92 38.5 4.99 4.84 6 0.96
1657.93 4.08 470.02 18.97 3.51 4.63 0 0 0 0 3.15
2961.73 158.58 148.63 270.59 324.13 3.59 47.84 0 2.64 33 1.39
3673.66 129.24 257.67 257.68 174.18 8.05 165.19 1.68 2.79 7 4.98
786.66 207.15 36.57 151.5 156.86 1.65 34.43 0 0 2 6.78
3922.09 57.04 399.73 338.89 46.68 11.93 150.16 1.49 10.28 1 6.72
4847.89 154.53 130.25 234.94 188.69 2.58 134.44 4.79 13.56 6 2.31
981.2 133.12 27.98 235.73 284.02 0 20.74 0 38.44 3 14.66
10.15 0 6.19 0 0 0 0 0 0 0 0
50.56 7.79 3.98 67.25 28.52 0 0 0 0 0 4.49
2464.98 3.32 235.99 138.66 25.36 6.76 60.72 0 0 3 0.98
1707.1 63.58 130.5 172.68 77.12 5.96 87.16 0 9.96 2 0
29.97 1.8 0 0.85 0 0 0.85 0 0 0 0
3860.78 208.75 127.15 974.9 196.45 3.93 86.75 2.61 46.78 1 5.04
5282.6 208.96 253.58 568.1 234.39 25.44 198.2 5.25 0 5 12.06
3780.34 81.97 86.21 297.98 157 29.76 69.56 0 0 4 0
1210.3 0 25.48 147.8 0 0 6.36 0 0 0 0
3255.62 43.29 420.35 511.59 161.53 3.16 93.38 3.29 4.29 14 5.68
13690.59 396.07 105.76 693.74 539.56 16.49 142.38 1.59 7.86 11 45.82
1355.6 36.99 142.83 137.01 87.39 1 7.61 6.73 3.99 4 4.38
305.84 0 9.48 24.7 0 0 21.77 0 2.55 0 0
5780.91 314.9 246.69 360.97 231.43 10.81 57.4 0 28.36 1 0
3757.65 44.62 246.45 189.84 102.55 5.96 75.45 0 0 18 0
6780.27 201.34 213.92 804.21 343.88 5.04 81.5 4.23 30.17 10 16.99
131.15 4.78 8.37 12.2 5.19 3.48 10.71 0 3.27 2 3.35
4765.44 484.96 265.76 508.8 482.02 3.18 235.8 0 101.94 1 9.94
8262.48 263.5 582.52 1249.38 603.34 9.38 262.82 6.38 90.84 17 6.52
2383.8 439.48 59.46 531.72 389.28 3.18 65.4 0 8.14 2 3.02
4143.41 43.3 67.82 785.11 136.66 15.63 352.84 0 18.63 25 3.33
8799.44 55.54 898.32 587.94 100.3 7.8 197.32 20.23 0 7 78.99
6088.3 169.28 349.11 246.33 333.6 42.6 61.09 0 10.48 11 1.39
2445.98 135.22 187.35 132.61 140.19 0 36.24 0 1.77 2 1.51
10664.79 244.24 326.76 1758.14 1148.83 40.22 384.43 3.24 18.61 13 18.56
1530.89 53.24 114.47 52.86 43.67 4.47 56.35 0 24.85 7 4.17
6102.82 555.08 193.1 605.6 162.38 85.54 302.64 19.98 7.66 8 0
1512.57 185.34 35.46 212.9 96.13 0 10.83 4.79 0 7 0
3220.28 6.21 161.75 270.22 18.79 8.5 165.04 17.14 46.39 11 19.8
2842.99 88.83 66.33 1038.82 1822.78 3.58 171.86 4.99 16.05 2 2.99
7853.3 751.02 382.78 658.18 720.7 29.08 382.7 0 131.56 8 25.32
1072.95 76.59 116.74 47.84 28.46 0 6.37 0 2.76 0 0
6601.85 668.17 268.84 1155.86 255.28 10.51 272.58 0 13.89 20 11.62
736.9 96.82 117.91 74.66 22.7 1.79 35.95 2.98 0 1 0
4485.57 495.67 139.04 485.6 845.74 0 85.41 1.75 0 3 33.02
13916.46 87.32 364.96 1545.88 347.68 80.42 697.28 0 40.8 7 22.38
697.2 34.19 37.01 30.96 29.9 0 20.87 0 0 0 0
1991.59 28.36 172.06 83.41 32.34 0 25.17 0 0 0 7.58
1996.39 0 125.11 102.45 25.35 1.19 78.15 0 1.3 7 0.48
1449.93 31.93 33.66 60.15 19.6 4.99 32.15 1.74 10.79 3 0
4285.16 62.71 142.88 198.6 94.68 0 28.85 0 3.07 1 4.29
4589.93 19.54 434.56 490.07 257.93 0 73.1 4.99 0 2 18.05
414.5 49.2 42.2 8.16 3.98 0 11.18 0 0 0 0
1987.77 38.39 109.77 193.07 30.07 2.54 35.87 6.54 2.97 4 6.63
677.44 28.1 24.18 66.2 49.4 0 30.19 0 0.99 0 0
1460.24 11.52 76.33 32.44 9.28 0 19.94 3.9 0.55 1 10.47
9711.04 167.4 162.88 1167.06 412.72 57.74 339.22 0 210.08 0 9.08
4804.84 30.03 287.31 714.96 67.05 6.77 64.22 0 0 2 18.63
18739.44 398.14 1268.32 1518.16 1553.62 14.98 124.98 0 67.54 6 17.36
703.11 37.4 57.5 148.14 89.05 0 16.89 0 0 1 1.49
2504.38 97.68 231.68 238.04 72.09 0.99 73.21 0 0 2 3.48
12.54 0 0 0 0 0 0 0 0 0 0
1263.69 126.83 209.6 216.15 127.85 0.99 19.1 0 0 0 0
20000.12 356.64 1079.89 236.8 99.76 14.25 140.55 142.79 0 27 76.38
793.28 24.66 18.23 47.51 3.09 0 8.35 0 0 2 0
14317.9 383.34 442.22 1067.16 713.48 77.26 559.62 0 48.34 38 0
380.24 13.58 50.44 5.14 0 2.17 0 0 0 1 0
757.84 8.75 103.55 16.4 8.26 0 1.49 15.48 0 4 0
432.2 0 8.24 5.9 0 0 0 0 0 0 5.9
1434.31 213.39 159.39 291.22 127.49 5.07 26.07 0 10.74 0 0
358.53 33.52 18.82 8.39 24.46 0 11.44 0 0 0 0
8695.38 188.5 616.92 836.46 210.48 34.6 210.86 5.04 2.6 12 6.98
3885.56 168.43 494.32 89.26 59.17 0 74.16 0 0 0 11.3
6590.81 169.99 300.53 466.48 213.75 3.19 249.45 0 0 0 20.26
18577.31 876.17 241.98 1009.27 438.13 1.35 1968.12 0 338.15 7 1.99
6495.76 426.7 194.82 714 61.7 18.82 226.9 3.98 45.19 20 10.62
1800.98 139.72 69.52 139.08 70.54 0 43 0 11.12 0 0
1412.99 130.1 64.46 259.81 90.84 1.09 42.93 0 7.52 0 0
366.42 21.45 12.27 75.8 93.71 0 9.88 0 0.75 2 0
7588.8 541.35 197.27 1919.05 865.32 11.01 177 0 148.69 20 2.99
1055.44 72.76 64.34 114.02 110.48 2.9 18.8 0 0 2 0
41873.96 753.1 2922.4 3191.14 1783.46 14.08 358.88 13.72 0 30 78.82
1386.7 54.24 97.75 157.8 73.22 3.67 33.04 1.75 0 4 0
6559.83 297.03 458.76 650.85 280.95 6.24 304.95 5.22 21.57 1 8.34
369.31 0 29.36 56.17 5.43 0 10.51 0 0 0 0
9910.46 794.37 245.68 1635.71 1093.35 9.56 189.43 9.8 33.65 5 0
1672.23 127.64 107.34 303.61 100.56 1.95 56.22 0 0 4 0
3555.77 61.95 232.7 407.17 198.6 15.99 117.92 9.98 3.19 12 3.56
775.11 10.92 33.21 115.86 10.38 0 13.35 0 0 0 0
786.53 13.85 9.12 68.16 5.32 0 66.1 0 0 4 0
11577.3 313.44 305.88 594.44 309.02 25.72 352.74 33.38 12.62 11 292
4822.27 904.67 312.25 802.53 502.41 3.1 337.03 3.18 359.14 5 4.13
1397.33 16.58 75.08 86.49 20.28 3 63.33 0 20.28 2 0
2380.15 144.84 254.53 203.72 28.48 1.49 44.17 0 4.97 25 2.99
481.8 0 66.92 30.52 0 2.7 19.92 0 4.44 1 0
6736.8 369.34 736.62 802.92 389.38 18.14 94.9 0 0 3 3.96
31633.29 1442.28 2327.94 3698.79 1227.93 43.8 401.94 4.47 33.45 24 98.28
5056.12 162.7 339.14 441.09 122.55 6.95 43.71 33.89 0 12 4.85
2492.48 23.92 285.26 110.78 40.47 0 36.67 0 4.17 4 3.53
1766.01 86.74 29.55 291.01 126.64 0 85.27 0 17.07 3 0
2579.2 303.62 102.4 597.04 204.95 1.89 48.7 0 21.34 8 18.21
3535.87 194.18 167.7 405.23 152.32 3.44 103.52 0 2.09 0 0.12
39374 1731.02 2116.54 2582.88 2367.24 6.94 849.48 43.04 0 19 75.62
1343.93 100.74 103.52 104.23 62.49 0 10.92 0 21.44 0 0
3951.43 242.37 122.97 576.42 189.56 19.43 110.55 1.68 65.83 3 44.6
8728.48 247.91 243.54 2477.09 1226.95 22.32 150.63 4.99 28.94 27 18.54
2388.23 2.92 211.29 33.32 63.49 0 11.31 0 0 1 6.58
4910.3 19.55 425.45 736.11 77.75 37.82 266.29 0 56.18 41 18.34
3343.33 583.25 168.41 1123.11 512.69 10 151.8 0 71.06 17 1.39
5037.32 88.88 271.23 1111.25 206.2 1.19 147.82 1.49 0.99 34 7.68
20529.1 502.98 1092.04 1028.34 239.14 26.1 565.86 12.76 0 9 49.96
3804.7 328.51 110.04 547.23 99.94 48.71 342.31 0 10.67 18 0.49
2328.18 80.37 129.6 207.8 15.11 2.25 63.37 18.18 6.86 9 17.61
3718.85 39.11 111.84 380.89 0 7.33 146.28 0 4.24 0 5.77
2555.75 21.98 31.8 207.77 7.79 0 60.81 0 0 10 0
15220.2 522.58 844.82 1271.7 142.84 39.48 658.84 0 550.26 22 25.3
11067.06 1189.35 778.85 2370.31 1220.88 8.66 586.96 19.38 24.03 15 10.83
266.28 2.42 8 11.58 9.66 0 4.89 0 0 0 0
4461.11 310.41 75.83 477.42 381.63 7.56 31.82 0.99 9.37 1 4.11
6163.9 252.85 293.68 724.25 363.71 28.41 123.13 0 1.95 13 17.2
441.38 0 85.58 15.44 6.17 0 13.46 0 0.99 0 0
846.54 8.55 24.96 18.32 9.45 1.19 12.34 0 0 0 8.97
372.99 30.27 15.9 9.64 9.64 0 4.56 0 0 0 0
8909.86 548.46 629.89 1410.68 897.03 18.82 301.34 14.57 74.49 29 8.31
7624.84 101.79 499.96 361.1 262.72 3.99 214.76 0 4.55 6 18.11
7245.03 156.88 439.4 382.12 197.92 2.38 133.5 2.33 0 9 19.33
4828.89 123.25 106.09 344.36 178.51 1.59 58.92 0 0 23 0
3108.96 110.95 247.03 240.72 206.96 7.79 262.92 0 1.59 17 17.57
2007.7 55.7 36.4 49.67 18.13 8.03 6.47 0 0 1 0
182.28 9.67 3.95 21.24 32.6 0 6.46 0 10.7 1 0
5299.47 370.2 188.16 637.48 358.94 5.62 313.59 1.74 13.41 2 0
1016.69 81.85 96.63 154.18 72.44 1.98 24.76 0 4.23 1 0
9445.82 312.93 654.89 711.02 591.47 7.01 138.24 0 0 16 9.05
7982.78 363.56 759.16 370.2 203.58 56.99 269.14 1.03 99.5 8 46.94
14164.56 1796.16 279.02 4606.62 1347.5 18.24 838 0 145.52 12 11.4
4232.28 68.6 141.97 607.89 191.23 17.74 454.59 0 49.03 1 5.98
2421.49 137.08 166.63 477.53 134.24 2.44 78.27 0 20.09 8 0
2773.01 420.04 131.88 222.4 33.63 11.26 37.28 0 2.79 11 5.46
2293.28 161.06 149.24 171.84 105.85 2.22 81.78 0 19.79 8 0
2206.79 63.4 285.96 102.76 114.5 2.8 57 1.29 7.18 4 1.59
6494.16 295.25 580.73 768.12 607.33 17.86 99.25 45.69 5.72 12 5
4902.55 199.37 290.04 415.59 690.12 31.83 35.52 12.87 20.83 9 29.12
22776.08 2102.2 1158.92 5495.64 1307.24 20.12 335.24 7 66 11 292.68
157.42 0 0 25.26 0 0 0.95 0 5.96 0 0
5050.47 25.85 239.22 548.53 57.48 4.83 222.38 14.97 0 38 0
4134.46 77.02 206.88 727.32 66.55 2.65 62.67 0 14.32 1 13.77
17051.52 386.76 1698.22 702.86 778.74 56.88 225.5 15.66 7.04 18 52.78
13610.05 416.46 1217.9 1099.69 526.61 8.54 179.91 0 0 1 85.6
4965.81 632.47 302.95 535.71 813.98 2.59 143.27 0 44.68 0 6.97
2255.75 42.98 52.03 578.07 107.01 14.84 41.26 0 2.78 0 0
516.68 53.16 11.84 56.36 17.42 0 4.78 9.98 0 1 0
15587.46 767.55 977.7 635.1 724.08 48.78 592.83 0 22.32 8 43.32
678.31 0 12.03 76.57 36.15 0 17.07 0 0 0 3.28
11809.7 612.57 104.54 768.42 201.81 2.39 462.83 2.29 98.21 1 4.78
13058.06 861.52 1403.44 1218.23 1201.32 12.97 281.26 0 138.21 116 32.88
1525.98 75.34 23.98 174.51 76.46 0 59.64 0 6.57 0 0
10595.64 339.9 573.55 461.37 218.41 5.66 426.65 1.29 41.99 34 6.27
5908.25 384.01 501.27 451.82 712.44 30.79 345.37 6.45 6.56 39 2.99
5133.83 179.39 164.27 390.95 192.71 6.46 281.73 34.57 54.05 6 4.69
1126.9 14.74 70.56 78.06 95.12 0 43.64 0 2.78 1 0
15677.66 1060.08 1133.46 2630.88 1582.64 125.36 1836.96 45.9 221.12 19 42.5
3473.06 89.54 259.54 519.81 241.9 4.19 39.98 0 0 4 0.49
1106.76 150.36 10.65 162.81 167.55 0 16.58 0 0 1 0
6143.87 1210.51 156.26 608.18 292.56 69.89 165.14 0 14.27 14 13.28
2359.42 196.25 44.19 321.72 157.33 0 43.73 0 1.95 0 10.74
12538.23 160.26 790.89 868.5 194.19 113.34 197.82 0 209.16 9 22.08
11871.68 1501.08 337.26 1659.82 1385.34 5.4 386.68 0 336.12 41 0.48
2773.02 320.36 92.51 398.62 335.68 0 93.02 0 16.82 8 2.9
8334.38 152.37 601.84 474.86 277.54 17.13 463.16 153.79 2.88 61 0
2958.59 49.85 65.99 256.18 7 15.63 116.54 0 1.3 0 1.94
804.02 24.25 29.71 161.96 87.04 8.68 26.85 0 11.06 4 0
1591.5 145.26 57.95 173.56 126.81 2.32 39.94 0 13.28 19 0
6043.21 377.87 365.07 445.96 275.01 0 155.23 0 3.07 0 31.85
5967.31 173.24 78.82 1594.36 352.69 15.77 427.14 0 27.84 8 0
336.16 58.25 6.14 41.96 12.14 0 19.02 0 0.53 2 0
14114.66 247.42 576.54 972.92 401.76 0 573.14 0 6.28 1 21
3466.44 261.88 321.14 97.36 72.2 18.54 25 0 20.08 0 5.98
7170.25 331.13 287.91 382.76 52.46 3.98 125.16 0 41.03 7 25.4
6499.27 95.84 261.66 1433.13 220.32 5.17 316.95 7.62 15.92 14 53.71
164.56 2.58 6.65 16.86 4.27 0 7.34 0 0 0 0
892.69 20.54 39.48 38.16 41.88 9.99 4.08 0 8.43 1 0
3659.02 0 222.47 113.83 0 9.82 176.79 220.29 0.65 15 31.73
11166.56 473.25 494.72 1471.96 977.9 30.05 368.29 14.87 3.43 18 18.53
1100.09 59.56 40.97 195.72 31.32 15.58 1.45 0 10.63 0 0
1685.89 54.94 117.79 159.43 125.6 9.56 25.87 0 0 1 3.1
2986.51 119.21 432.57 413.7 115.59 2.53 187.18 0 38.09 0 23.27
9019.97 124.35 285.9 394.1 171.87 27.38 615.89 17.66 16.83 7 8.18
5544.19 456.35 111.48 269.42 410.49 34.58 125.53 0 0 1 13.24
7152.51 226.54 346.45 271.88 186.16 5.1 227.61 0 2.99 12 5.67
7288.3 182.11 228.98 751.59 165.68 0.99 270.66 3.5 0 13 11.87
21935.59 1287.01 2000.67 1633.21 1862.24 74.38 464.11 7.31 5.75 17 61.69
8156.98 1000 245.96 697.2 645.26 26.54 127.76 0 205.84 1 8.36
1799.65 29.11 89.69 253.71 143.42 4.64 75.38 3.99 0 10 9.47
1891.45 84.01 61.06 139.78 35.45 0 67.61 8.28 0.49 2 0
2035.11 16.12 184.61 146.08 54.26 2.42 37.76 0 19.78 0 4.76
6070.54 43.04 286.52 225.15 17.45 4.82 191.31 0 179.83 12 6.44
4549.9 190.97 157.46 522.4 329.66 13.6 251.64 17.91 0 10 9.08
4081.03 211.43 305.91 343.23 324.98 22.22 80.23 0 7.46 5 21.23
5059.95 243.26 224.62 719.47 290.22 25.42 269.51 3.5 9.55 21 0.85
8583.24 586.5 957.9 466.98 510.48 0 252.87 0 5.22 2 3.58
7598.84 487.86 228.86 1442.28 761.74 13.96 128.08 5.16 0.32 11 8.92
7905.08 240.96 603.88 350.28 213.46 2.1 86.9 6.38 0 13 0
6053.88 437.67 325.53 574.21 256.51 9.19 311.73 0 85.32 2 8.97
7743.04 536.89 503.22 647.76 153.94 94.24 381.16 3.78 40.64 7 16.55
98.42 0 15.99 25 0 6.42 25.7 0 0 0 2.89
2783.79 96.71 182.78 90.93 68.16 2.97 131.58 0 30.02 1 12.13
5739.56 214.75 356.56 652.54 448.16 0 68.06 0 3.12 0 3.99
5129.3 293.26 157.66 333.13 205.65 8.09 205.77 4.49 0 28 7.6
10619.72 789.34 388.28 1582.06 376.26 9.06 507.08 0 267.52 5 12.94
4232.6 192.12 156.42 858.66 207.84 38.08 148.62 0 1.1 21 10.94
11271.44 962.54 564.86 819.53 602.04 20.11 324.07 8 56.18 4 28.59
5101.66 98.53 161.65 779.23 301.77 8.74 156.52 0 2.3 13 8.18
14484.48 921.43 984.28 726.84 830.87 33.19 452.07 0 125.71 20 7.73
4694.48 87.82 406.31 118.11 22.72 11.34 168.95 1.4 36.24 2 29.38
12887.99 701.56 619.3 654.31 438.81 173.45 270.76 0 53.56 32 15.03
12519.74 1401.94 884.56 1268.28 1093.95 29.69 308.9 0 49.6 18 59.47
990.4 35.28 34.33 61.58 0 0 13.58 0 5.47 2 0
6032.17 199.6 245.99 468.82 262.2 0 67.53 0 13.45 1 1.49
3914.11 279 442.45 692.89 204.83 21.94 228.67 0 4.55 1 9.93
6691.66 196.85 363.74 624.5 132.77 25.06 301.35 0 10.86 4 11.73
3785.73 200.85 235.06 518.33 234.17 74.4 72.98 0 48.89 6 15.12
4986.65 181.74 75.66 613.5 408.1 11.62 90.09 0 59.88 3 4.79
3471.8 230.75 127.75 345.19 115.71 0 80.33 0 25.32 4 0
3496.31 24.19 93.8 360.36 76.93 5.84 90.23 8.47 0 3 0
5005.22 551.37 323.28 471.88 390.97 6.77 141.73 0 70.75 39 0
6886.99 169.98 1050.34 349.4 320.73 11.71 128.76 38.88 0 16 20.65
5337.91 189.9 332.88 668.87 286.02 14.08 25.66 0 3.9 0 3.21
4663.14 430.02 200.49 240.84 129.27 4.35 52.59 3 289.35 1 8.34
6245.99 163.21 239.76 454.02 257.22 36.27 46.6 0 6 11 9.06
5624.66 342.38 191.94 681.82 435.8 5.38 195.98 3.48 68.88 19 39.3
97.96 0 0 4.15 0 0 5.3 0 0 2 0
6186.55 207.76 213.77 343.82 102.51 0.99 256.93 0 31.56 8 1.67
4238.46 145.11 778.04 693.69 81.92 0 39.51 1.74 0.87 1 39.51
6906.21 306.73 97.41 1002.4 317.85 11.91 346.16 12.97 66.09 27 0
5841.42 550.36 185.72 767.14 287.23 7.21 51.04 0 13.83 13 7
3927.72 97.12 291.02 430.01 161.73 24.72 147.29 0 16.52 13 14.52
11980.02 383.9 456.53 685.87 496.18 82.53 986.16 37.53 24.29 22 80.89
8129.13 623.97 580.34 873.1 833.16 31.87 490.78 0 53.08 16 27.52
407.41 24.4 76.98 47.97 62.62 0 2.39 0 0 0 0
9958.98 232.3 639.52 1425.57 313.85 59.6 195.63 14.62 0 7 15.97
8631.72 373.49 690.86 910.7 900.85 103.07 335 0 30.52 43 8.37
14235.54 385.74 1423.99 1350.51 968.51 1.05 338.61 140.03 14.03 22 64.53
5814.52 472.92 172.28 307.34 166.9 0 79.96 0 107.8 1 0
1141.73 95.99 40.56 54.23 21.24 0 17.94 0 36.44 1 1.49
1806.34 218.36 76.15 360 88.72 0 32.02 0 4.73 7 8.22
1514.12 243.42 74.52 246.28 86.45 2.58 33.45 0 9.77 7 5.67
9069.07 457.71 427.53 746.03 446.34 22.87 460.56 11.71 96.3 22 9.98
4864.99 174.43 260.68 546.85 151.42 15.14 212.74 32.14 27.26 17 32.49
7655.15 93.93 527.02 479.04 291.36 9.21 294.86 0 0 26 0
9749.8 243.08 503.76 797.42 500.14 46 253.8 43.14 39.06 8 7.34
20323.17 976.59 1656.93 2598.66 1242.42 44.22 361.74 0 32.04 13 49.59
1290.21 83.03 119.36 150.13 84.03 9.76 76 4.49 0.55 2 2.48
4731.72 20.14 508.99 263.74 91.61 84.55 160.97 1.75 2.29 1 25.85
4905.79 227.67 249.28 2592.23 424.28 28.56 88.63 0 15.65 2 35.77
8376.63 379.04 456.01 1057.73 525.48 13.13 127.97 0 114.51 6 2.46
1284.9 0 108.61 10.13 0 0.54 29.32 0 0 1 0
628.59 0.3 36.97 45.05 8.64 0 41.03 0 4.26 0 2.99
4621.35 46.19 239.26 217.09 66.5 3.79 122.9 0 3.19 0 6.79
970.94 7.74 108.43 64 3.27 22.87 14.58 0 9.74 1 11.28
4700.85 247.15 246.59 678.83 476.5 15.31 217.24 3.98 26.96 48 6.98
4326.9 382.01 533.69 583.27 581.29 3.24 68.99 0 35.21 8 50.39
16235.46 1355.88 466.7 1612.51 1514.33 5.82 323.21 22.02 15.63 20 5.99
2270.29 253.12 47.92 185 82.09 1.15 137.55 0 106.27 1 9.75
14835.8 934.82 2164.6 903.76 1125.28 19.5 566.34 0 25.48 1 20.24
11289.94 145.55 595.18 675.01 196.14 80.42 171.92 0 52.07 3 38.07
2896.53 0 366.23 29.32 0 22.28 11.68 0 0 0 20.92
255.53 10.25 21.65 29.02 55.26 0 1.29 0 0 0 0
3434.12 64.74 248.9 452.96 249.74 1.19 41.29 0 0 0 4.78
204.78 40.39 6.15 40.19 56.82 0 5.21 0 3.23 4 1.38
2708.19 156.35 74.29 210.64 185.11 7.06 59.49 0 4.92 2 6.45
367.65 32.39 27.46 29.43 6.92 0 6.17 0 0 0 0
3020.52 46.74 68.09 466.88 91.41 5.26 74.08 1.75 53.43 6 4.99
789.7 146.81 16.97 161.69 152.56 0 26.4 0 4.73 0 1.08
5530.9 54.59 239.91 976.93 236.33 87.13 318.11 0 49.9 3 9.17
3350.17 176.15 328.19 225.35 213.28 0 36.55 0 0 0 40.28
176.44 0 7.73 20.98 0 3.78 13.67 0 0 0 3.28
4824.72 217.61 83.77 929.51 602.15 10.98 107.06 0 26.01 0 22.69
5064.48 147.89 323.03 328.73 291.1 1.75 53.81 2.58 12.83 2 4.57
12739.22 272.94 393.76 1816.29 1062.23 6.23 148.31 12.49 2.45 37 0
2990.38 123.27 198.65 390.18 198.76 0 125.34 29.46 5.96 11 0
23.07 0 0 0 0 0 0 0 0 0 0
4188.17 152.74 294.7 230.5 149.63 0 56.46 0 0 0 2.78
4720.74 289.4 242.88 161.5 151.94 15.98 32.88 1.68 3.28 2 5.07
13605.37 1032.87 905.67 1712.13 605.52 54.81 564.59 0 213.02 22 31.01
3292.34 49.33 147.82 801.96 129.24 7.28 139.95 3.36 6.12 2 0
173.42 5.34 0 0 0 0 0 0 0 0 0
2739.74 245.83 129.93 427.11 276.44 4.09 104.66 1.49 20.75 3 0.36
4866.33 252.4 160.31 566.93 338.75 6.8 206.41 3.5 34.24 15 10.84
3286.72 1.87 197.15 115.39 70.7 14.65 146.72 27.36 23.76 2 11.07
1966.17 91.37 108.03 108.3 55.69 9.97 48.11 4.17 2.63 3 1.88
505.66 50.36 51.95 14.98 21.56 0 12.86 0 3.77 0 0
1929.41 167.97 34.99 225.78 156.53 0 94.97 1.49 13.75 4 15.4
1731.74 37.25 142.16 250.57 30.6 0 76.76 1.75 4.27 7 0
1129.43 133.28 86.7 182.42 22.25 0 106.94 0 0 6 27.6
2258 263.22 110.64 407.98 128.28 1.89 154.55 0 94.01 2 0
5226.56 5.82 353 440.37 0 11.73 177.64 0 0.79 0 11.36
6199.39 39.26 537.29 137.71 8.69 0.99 40.16 0 0 1 1.88
1829.88 123.12 56.64 147.87 103.95 9.27 64.11 0 10.71 1 0
2291.19 57.21 73.22 116.13 19.75 0 74.4 0 164.57 1 44.14
5627.44 554.58 307.36 566.87 518.4 17.9 92.58 5.91 27 3 3.98
2194.09 353.09 119.18 118.98 80.85 0 59.72 0 0.55 2 13.62
8228.6 534.38 224.48 1912.83 316.35 16.88 353.85 3.15 46.2 29 23.14
5686.74 450.76 588.74 1060.1 556.2 8.22 92.66 0 179.38 0 0
8913.59 204.98 460.57 770.78 344.75 32.83 353.11 0 0 25 23.5
1757.9 0 177.72 92.88 31.19 0 107.18 0 0 0 0.97
10984.9 327.53 612.83 1412.71 859 25.75 327.18 9.98 0.98 67 16.46
10745.58 386 610.49 869.18 435.61 10.56 154.51 0 34.17 25 13.24
6399.37 486.7 469.5 1030.61 673.42 0.76 258.63 4.99 13.53 20 35.12
1522.94 12.28 89.66 119.5 0 2.58 73.66 0 42.8 0 0
5519.43 42.4 499.75 587.32 138.5 21.42 154.04 0 84.91 3 23.12
164.99 7.6 0 30.82 5.94 0 5.28 0 1.95 0 0
1133.68 70.23 15.46 55.45 39.02 1.99 44.12 0 10.82 0 9.57
9611.22 149.76 785.75 728.55 357.24 14.49 71.12 3.36 8.84 3 0
5838.97 38.93 263.17 117.25 39.54 8.26 49.51 0 0 0 11.98
6739.12 264.77 805.79 229.12 215.67 20.4 76.81 6.2 2.29 14 12.95
24506.9 441 1901.68 773.46 363.08 20.82 380.96 23.8 102.04 45 42.84
913.44 11.36 155.97 86.78 34.72 0 30.77 0 7.17 7 5.22
0 0 0 0 0 0 0 0 0 0 0
3175.19 105.85 102.13 344.87 133.58 19.61 49.79 5.96 0 2 0
9666.92 279.23 541.12 863.87 416.81 7.9 362.01 86.31 0 79 16.12
2284.03 212.21 74.84 291.29 112 6.79 112.61 0 21.96 16 14.79
18609.86 187.42 684.8 1761.07 277.96 35.05 3869.39 3.98 243.93 3 5.38
3643.9 17.47 392.75 450.02 236.18 11.59 90.37 10.03 11.98 37 9.09
4825.77 460.34 208.19 282.44 116.02 59.27 239.93 0 192.59 5 5.38
10021.41 979.14 577.94 621.41 553.77 2.94 30.76 1.75 0 53 3.43
3260.38 90.54 349.33 262.21 124.48 15.48 136.71 8.23 0.89 37 3
2913.67 4.83 262.54 223.4 59.57 6.5 58.71 0 7.68 0 4.37
6441.74 263.36 390.82 474.82 309.6 17.04 463.8 5.25 40.24 9 29.03
8290.95 459.71 96.24 1333.58 543.72 6.93 585.03 0 16.8 0 23.58
10020.65 522.72 184.57 1450.95 196.98 10.19 826.65 0 260.92 17 2.99
6798.44 233.1 279.24 1262.85 220.77 11.55 347.23 0 17.52 6 19.39
6498.59 252.71 316.15 592.67 131.64 11.31 109.97 0 5.3 0 1.1
9757.89 394.68 312.24 1903.61 333.13 0 466.02 27.52 28.89 101 17.87
5122.98 323.75 213.42 360.49 162.09 23.21 94.1 25.66 28.17 28 11.27
280.68 0 21.5 20.21 6.21 0 3.43 0 3.19 10 1.59
4219.49 154.46 345.15 1064 99.67 3.69 64.99 11.47 17.32 4 11.84
79.56 0 29.61 23.41 0 0 2.85 0 0 4 13.12
855 87.08 32.17 77.23 47.18 0 14.83 0 0 0 0.36
2532.18 71.76 117.19 190.32 124.92 1.05 66.4 0 0 12 0
3338.33 112.38 51.55 514.18 214.58 9.9 54.6 0 2.39 1 11.96
11459.28 625.39 460.46 1564.21 500.2 23.42 339.73 29.56 72.47 40 16.9
2042.69 41.26 130.56 131.1 27.94 5.14 64.08 0 10.76 5 4.48
8534.37 706.26 423.66 1017.39 447.12 89.55 685.17 0 95.16 31 4.14
3873.86 123.91 123.38 230.83 125.99 1.89 142.22 4.99 21.99 15 12.89
442.16 8.48 0 14.5 16.84 0 3.12 0 1.74 0 0
999.11 91.12 11.43 213.53 155.49 0 58.08 0 20.63 1 0
5930.81 104.5 262.31 532.26 215.6 0 181.98 0 22.84 6 6.99
4761.48 210.47 288.47 347.21 140.6 16.98 56.79 23.49 0 23 0
6424.37 149.4 489.13 1028.25 550.45 36.1 403.81 6.25 0.65 14 12.97
3367.26 543.46 296.88 688.22 0 6.28 95.74 0 38.28 0 7.16
23.22 7.33 0 15.33 0 0 0 0 0 0 0
3466.14 510.86 149.56 351.28 48.42 0 146.28 0 52.66 1 0
10041.64 912.22 528.28 950.16 279.4 37.68 191.68 3.5 366.18 3 19.88
157.57 10.88 1.88 13.12 22.12 0 5.37 0 0 0 0
7281.27 293.04 238.37 564.8 570.87 24.52 248.07 1.49 21.66 49 4.59
2153.34 96.35 46.24 217.95 55.97 0 83.13 0 0 5 11.54
10465.37 337.99 560.35 635.88 363.78 13.97 536.28 10.21 25.5 9 14.47
2351.88 51.04 266.82 262.66 90.16 8.72 74.84 7 40.98 2 0
4544.11 144.33 324.25 248.38 145.13 9.62 38.68 0 2.44 4 14.83
4762.24 101.63 547.21 402.23 172.12 13.56 47.84 0 0 0 40.33
156.88 0 12.22 0 0 0 1.76 0 0 0 0
104.98 47.72 10.08 23.84 23.84 0 0 0 5.98 0 0
2672.92 109.21 328.44 227.43 228.36 0 58.63 0 32.34 1 2.23
488.57 0 41.76 19.93 0 0 10.57 0 0 0 0
4992.2 28.72 830.44 66.97 49.9 4.17 102.82 0 20.54 1 0.99
2344.56 19.53 106.36 361.17 38.79 16.77 114.44 0 0 3 10.67
3216.28 195.67 106.16 601.41 311.27 0 118.11 0 68.88 5 1.99
2521.05 66.33 133.71 195.94 87.05 1.59 41.64 0 0.98 3 0
7814.26 55.56 711.62 533.76 107.58 18.42 93.8 0 128.28 2 46.56
5381.32 35.13 659.73 511.88 39.54 3.99 439.71 144.18 28.23 27 6.79
298.19 9.77 8.58 16.83 7.46 0 10.55 0 4.67 1 0
3384.5 70.07 98.48 527.87 136.01 0 94.75 0 9.83 2 10.06
2206.26 133.32 188.28 76.6 112.68 8.42 48.7 0 12.76 0 0
14503.32 220.86 1130.8 401.16 24.14 127.68 546.12 0 2.38 24 54.9
5699.29 369.73 321.73 428.23 146.74 3.93 33.04 0 0 3 57.41
3305.47 330.27 161.01 547.94 311.03 69.67 60.21 8.23 29.5 11 5
921.79 37.07 22.51 46.45 10.94 4.97 46.16 0 5.44 0 0.53
15515.55 93.27 969.2 1059.5 438.24 20.87 148.24 20.37 5.48 87 12.11
1511.13 12.73 30.98 217.99 140.39 8.97 20.75 0 7.16 5 0
2690.12 376.64 111.26 359.74 270.23 0 169.77 0 23.56 0 2
4803.89 149.31 82.52 313.19 4.65 3.49 125.05 0 7.7 20 2.99
6743.35 185 239.96 959.83 318.15 28.3 669.88 0 11.58 5 22.49
684.64 75.08 60.14 355.8 95.1 0 1.96 0 42.48 0 0
8261.81 529.2 246.54 328.07 97.53 3.47 393.67 6.96 52.12 30 11.92
5434.79 36.08 333.76 303.69 137.52 4.86 63.35 0 40.42 6 29.71
14145.2 123.82 626.47 727.16 584.18 9.2 403.91 0 22.88 3 30.79
4061.96 249.5 64.88 271.98 61.5 0 61.36 0 163.52 5 0
2264.78 67.1 122.75 140.2 20.49 0.79 40.31 0 0 0 1.89
12904.99 331.56 650.65 928.75 588.37 40.02 307.65 88.95 11.4 49 61.03
775.66 0 36.38 10.72 21.46 0 23.78 0 3.98 0 0
2990.72 323.41 192.86 366.33 164.27 0.79 31.34 0 9.58 0 0
2167.76 231 63.32 362.3 149.42 6.74 58.46 0 27.12 0 0
4009.27 155.26 216.29 280.1 96.16 45.23 217.71 14.96 37.91 1 16.36
3595.22 138.19 46.29 733.51 196.29 2.08 120.38 3.08 0.16 35 9.26
3833.88 61.33 259.1 410.29 107.64 18.39 87.26 0 38.21 13 3.66
8112.33 141.87 724.24 599.23 442.72 51.09 177.15 1.75 0 3 24.14
26252.24 972.52 725.8 1712.6 1581.28 305.76 621.84 0 328.4 15 85.04
5088.12 486.51 149.29 1313.47 504.5 6.34 170.17 0 163.21 3 4.99
4259.28 54.45 416.78 199.27 160.63 1.05 49.58 10.83 6.1 7 19.54
8700.41 313.47 930.23 325.98 407.79 2.64 64.55 0 175.35 2 44.68
4701.36 0 438.88 217.23 0 5.53 69.69 0 5.95 1 0
6525.33 366.15 292.91 1275.21 983.26 11.83 210.52 4.99 32.28 7 18.98
6286.46 369.74 282.75 553.21 356.83 25.45 266.88 69.07 3.08 16 19.67
14464.68 1444.7 532.02 2142.68 1789.72 97.06 646.44 1.98 60.5 20 23.34
248.36 6.96 0 21.91 3.08 0 2.57 0 6.16 11 0
6232.26 327.66 658.22 699.08 433.64 74.09 153.57 1.75 11.52 3 78.13
845.37 25.11 23.71 34.49 59.15 0 48.74 0 0 6 0
2985.7 210.53 113.18 415.76 37.16 11.25 58.64 0 14.55 2 0
6790.39 353.54 427.84 359.62 140.97 37.87 411.65 2.78 0.65 15 15.92
7962.4 302.17 480.24 870.2 437.25 16.38 335.16 1.75 167.01 24 9.96
13606.02 849.95 826.76 850.88 755.9 24.03 366.53 14 19.08 17 27.26
4520.49 179.63 377.67 397.46 206.31 28.82 173.49 0 36.04 0 14.35
13813.44 874.38 331.22 3539.34 1169.8 20.36 221.48 0 116.94 13 24.58
1244.31 73.63 20.06 199.19 82.8 10.38 27.04 0 11.49 0 4.58
2457.17 178.17 137.91 155.46 57.56 4.58 45.71 1.75 17.14 6 3.78
2327.51 136.19 93.28 175.21 29.92 0 25.23 7 23.73 2 1.99
11525.99 356.84 402.06 1463.94 461.26 15.34 214.32 14.41 18.35 122 3.53
2593.16 366.24 114.12 449.68 246.54 9.54 66.2 0 41.44 1 15.14
11975.12 343.07 903.65 1215 542.96 13.24 120.54 3.29 4.12 19 35.84
11531.13 1062.21 995.66 932.77 551.88 3.7 209.83 27.44 3.49 12 2.23
9446.94 703.82 347.5 1442.99 623.84 21.06 67.11 0 23.27 3 7.27
11361.83 454.48 221.84 1324.46 573.98 61.67 501.83 1.59 262.21 2 37.44
744.66 14.76 84.99 65.99 41.35 2.48 5.87 0 4.98 2 0
4224.89 306.26 347.59 979.03 460.88 35.54 345.71 0 20.94 8 20.94
1211.92 48.65 71.38 117.46 57.3 1.09 50.2 0 31.69 1 5
7815.2 1080.44 528.64 624.88 594.39 22.64 242.47 0 0.49 0 12.99
12359.71 361.17 970.08 1108.81 760.98 7.1 231.64 12.69 49.8 34 23.44
2102.25 320.68 69.41 289.2 265.55 0 93.85 0 18.6 0 0
301.53 2.6 0 22.33 0 0 8.92 0 0 1 3.59
3560.65 89.39 138.9 623.43 267.84 5.64 79.89 0 106.9 16 0
11136.68 313.67 161.88 1088.2 458.33 21.18 387.19 5.78 158.96 71 14.84
170.56 2.32 1.09 37.8 26.67 0 4 0 0 0 0
9369.64 21.95 1021.86 673.63 359.45 3.86 109.42 0 0 36 26.91
3324.4 84.97 327.26 406.9 122.96 3.78 147.07 0 8.39 0 12.97
952.53 225.85 43.87 153.55 202.39 0 71.6 0 61.01 6 1.49
2674.94 32.36 90.38 346.67 64.83 0 78.66 0 0.53 9 0
7989.47 521.81 124.9 873.3 1158.02 37.61 492.24 0 5.05 0 0
1061.46 35.6 87.55 74.58 59.4 0.79 19.59 0 6.49 2 0
5237.8 81.37 471.92 561.8 313.11 47.83 47.36 3.5 0.72 14 11.88
2005.16 74.74 26.81 277.7 189.84 0 65.98 1 4.19 2 2.78
12483.57 443.1 800.55 762.71 252.24 6.69 243.54 0 13.6 1 11.05
3600.17 113.03 257.18 366.53 58.1 18.2 53.47 4.07 0 6 7.17
5899.5 759.84 164.58 690.72 281.6 1.98 167.48 0 31.56 8 0
8942.12 297.68 438.59 329.83 192.33 8.62 215.96 3.14 2.25 6 5.8
3691.2 0 743.2 122.92 10.06 28.3 109.96 89.44 28.04 7 11.92
146.66 20.62 0 48.4 30.66 0 23.05 0 13.18 0 0
891.42 56.98 59.34 91.4 35.14 0 14.14 0 0 3 2.44
6164.23 149.25 248.21 467.26 273.11 2.44 150.61 29.33 1.96 29 20.68
1198.66 4.86 87.52 53.72 0 8.66 23.22 0 0 0 0
3696.08 298.69 213.7 406.11 194.73 8.03 73.26 1.68 70.41 5 5.58
816.44 47.92 40.34 82.13 30.32 2.39 19.65 0 0 1 0
5195.3 272.66 581.82 115.65 53.29 0 47.27 9.79 1.95 1 0
383.56 0 2.39 20.08 19.55 0 0 0 0 0 0
8588.65 196.45 593.46 914 223.62 31.12 124.87 0 30.07 0 4.09
10944.16 337.08 914.16 934.02 147.34 204.24 682.94 0 2.6 12 81.66
6856.17 40.51 291.66 286.61 60.75 18.8 139.04 1.68 3.19 13 16.56
11717.06 168.45 775.92 490.67 305.85 9.07 422.04 0 4.23 15 16.69
11074.88 0 492.52 356.47 0 66.34 579.36 14.93 0 3 19.87
839.08 0 404.72 3.56 0 0 1.79 0 0 0 0
226.68 10.2 5 36.31 1.59 0 5.93 0 1.59 0 1.49
3235.31 212.45 60.12 505.68 66.2 2.82 188.08 0 0 6 1.39
5093.65 6.76 400.16 210.08 15.37 0 157.21 0 87.5 8 4.79
5492.62 157.01 238.29 1209.19 476.24 22.52 189.48 0 63.65 12 1.99
934.28 63.48 25.25 70 15.92 9.21 30.43 0 5.5 1 0
4946.99 352.8 277.52 474.63 388.1 23.79 207.01 3.98 41.81 15 23.3
3769.41 0 398.37 175.7 10.8 1.78 97.76 0 4.87 1 6.79
8432.02 439.54 422.28 1179.22 719.09 21.88 546.74 0 109.06 39 5.89
4990.47 28.19 222.95 1234.57 258.18 13.94 354.53 4.99 0 25 3.98
75.11 2.39 0 0 2.9 0 0 0 0 0 2.99
2073.22 148.06 73.76 237.04 225.16 7.96 92.88 0 15.46 1 11.44
1894.62 339.04 133.66 501.68 295.98 21.42 63.4 0 31.62 3 13.08
13978.5 812.9 788.14 1169.56 484.5 0 869.52 5.16 94.78 9 43.48
5830.54 359.62 182.82 1240.92 344 16 188.54 13 25.14 18 4.66
2849.24 317.94 263.5 604.34 426.17 7.33 93.29 0 14.2 13 2
7153.3 187.56 54.34 1075.58 384.22 0 152.42 6.46 12.38 3 5.98
