0.0933675813390135	23590.82
0.493438583302009	90357.14
0.117946790293614	26184.66
0.155623773127845	34278.98
0.0237230088125966	6911.81
0.0616046443636971	17305.63
0.130309485026939	38557.86
0.294282253685837	79568.95
0.0400325773712567	8445.62
0.250177504907489	47510.02
0.238065405337677	45257.52
0.239923986133734	64793.21
0.231069623689596	65686.73
0.34323184229211	95748.26
0.352228208662239	63042.66
0.131543039719333	32957.47
0.0263124921689011	7641.6
0.144927536231884	36551.65
0.053877960155369	12730.29
0.473040136992023	110916.43
0.177504907488619	41552.44
0.127803533391806	22760.59
0.00964791379526375	1198.75
0.0429770705425385	5339.31
0.0232427014158627	2887.69
0.0360857035459216	12441.57
0.128722382324688	40091.67
0.203942697239277	60132.7
0.00229712233220566	508.73
0.0800025059516351	21828.57
0.0326191371173203	10039.15
0.0967714989767364	34837.43
0.167898759553941	42940.83
0.0216138328530259	3628.19
0.0419224825627532	8408.75
0.37975608737418	107445.75
0.299795347283131	84272.65
0.249780729231926	64387.18
0.281585432067828	75231.46
0.344171574155285	102797.95
0.376560999039385	103889.49
0.399076974481059	81974.84
0.460907154491918	87194.1
0.31327319049409	73138.78
0.100703754750867	25744.12
0.0751785490540033	19681.57
0.170366286597335	49553.13
0.237459800359186	63838.05
0.0805663450695402	27317.41
0.0466733492043604	10068.39
0.101094265547342	30151.2
0.275356053961492	69861.27
0.362987094349079	101612.93
0.291358643444848	83644.59
0.0115670550891701	3301.34
0.393804034582133	112182.66
0.272919015996325	78791.73
0.410934302301299	128884.5
0.0649125005220733	16749.06
0.0963956062314664	34385.45
0.0486384329449108	17218.65
0.290753038466358	91188.8
0.508332289186819	114811.52
0.103161675646327	32892.12
0.882257862423255	196653.86
0.290899218978407	73651.35
0.321200350833229	86672.72
0.350624399615754	104617.32
0.545650085620014	159404.58
0.0491166520486155	6097.82
0.0100572192290022	2268.57
0.261796767322391	72489.8
0.324123961074218	99397.33
0.428413314956355	132120.59
0.386250678695234	115794.63
0.366766904732072	103627.03
0.408407467735873	113028.9
0.218853109468321	56160.96
0.342296287014994	93642.21
0.149208536941904	41368.63
0.324478970889195	100798.8
0.0476903479096187	14130.64
0.301006557240112	92794.31
0.379776970304473	47532.58
0.292068663074803	36270.74
0.121476005513094	15085.56
0.243852065321806	68286.97
0.143006306644948	48213.34
0.0511214133567222	18903.5
0.170905901516101	53686.33
0.176377229252809	34993.94
0.101115148477634	56912.55
0.141711564966796	46255.01
0.319320887106879	118338.32
0.0859959069456626	27626.03
0.0782065739464562	30048.69
0.276281167773462	70808.08
0.265839702627073	73817.9
0.122039844630999	40766.09
0.130935972935722	42534.47
0.0971473917220064	28277.52
0.171628450904231	51469.24
0.162216514221276	53620.21
0.0349371423798187	8653
0.340892954099319	107141.81
0.294449317128179	89730.71
0.407697448105918	121405.61
0.437413857912542	124486.03
0.422837572568183	132373.19
0.121895752411978	37958.48
0.13791087165351	40385.53
0.387649835024851	120108.3
0.295890239318381	99030.66
0.362945328488493	112213.64
0.30497431399574	96066.4
0.343960656559328	94619.18
0.484567514513637	159459.38
0.105333500396776	35863.79
0.507058430438959	166435.45
0.406924779685085	123277.55
0.460030071419622	147206.29
0.447291483941027	141797.38
0.106127051747901	37115.83
0.169193501232093	54014.57
0.0894311489788247	34010.03
0.13264837321973	39655.77
0.224804744601763	85683.41
0.151818903228501	46380.27
0.0818067911289312	28977.49
0.220064319425302	80089.25
0.182913586434448	56388.96
0.685753664954266	177129.34
0.4206490414735	105712.56
0.206003842459174	45973.85
0.301090088961283	88442.03
0.110637764691141	34019.4
0.179864678611703	55790.82
0.181848556989517	58573.26
0.255684333625694	86339.66
0.275884392097899	87254.58
0.353923902602013	104374.01
0.436620306561417	131347.02
0.430906736833312	122225.23
0.356855866015119	105068.1
0.399699285803784	127905.33
0.285365242450821	95893.77
0.33030530844088	101416.97
0.318381155243704	96847.8
0.284300213005889	92067.27
0.43762268721547	147244.8
0.341713653259825	99587.75
0.0648414985590778	22489.5
0.16038090464854	60326.72
0.188529006390177	47139.74
0.208432527252224	63424.33
0.0921501065029445	30998.72
0.15474251346949	48662.67
0.431228333959821	122221.84
0.268141001545337	73457.28
0.207993985716076	62036.1
0.24485235768283	76677.09
0.079355135112559	25774
0.191722006431943	55579.22
0.410558409556029	124784.57
0.154408386584806	47608.75
0.208296788205321	64853.35
0.29580670759721	108458.03
0.227101866933968	72037.17
0.299252391095519	94437.55
0.323267760932214	101160.58
0.165142212755294	57275.51
0.26648289688009	70866.53
0.152842166812847	45505.59
0.261704882429102	82268.21
0.107004134820198	13335.77
0.496429018919935	61815.68
0.305224909159253	38017.21
0.586330033830347	72896.34
0.0967714989767364	27387.36
0.106899720168734	35126.93
0.038591655181055	13467.8
0.0227926742680533	8906.47
0.117215887733367	40069.79
0.0872697656935221	30435.75
0.0986718456333793	32897.12
0.203399741051664	64660.46
0.179175541912041	43585
0.192638767071796	57912.16
0.179175541912041	56624.67
0.325773712567347	102540.59
0.207175374848599	65589.78
0.37750073090256	78914.28
0.45474251346949	118152.14
0.239840454412563	70197.5
0.136094056718039	40805.98
0.118406214760055	36048.73
0.387508666416072	134201.76
0.190765568224533	62697.67
0.229689261997243	63923.85
0.172346823706302	21505.36
0.0216890114020799	7088.71
0.53163763939356	160762.82
0.141356555151819	34319.92
0.0761809297080566	21019
0.130518314329867	41524.45
0.209017249300422	63455.59
0.142922774923777	50964.55
0.188155201937936	62722.04
0.363780645700205	101745.35
0.295201102618719	89545.64
0.442446644113102	125989.08
0.179927327402581	53875.02
1	323498.94
0.00712525581589609	2762.82
0.12834022470033	43099.43
0.463156246084451	133852.85
0.509182224449735	177238.13
0.519471244204987	183616.28
0.499125005220733	150843.12
0.440128638850603	135512.19
0.506056049784906	148276.2
0.444576703002965	138014.23
0.445077893329992	132427.72
0.243160840329115	71558.66
0.387545420373387	115436.17
0.255815896086539	74981.75
0.0550474042517646	18969.14
0.161529465814643	47419.22
0.160318255857662	50813.39
0.539573152904816	150526.8
0.112767823581005	36180
0.13467401745813	46487.6
0.324228375725682	88488.13
0.18262122541035	54767.22
0.380173745980036	115609.4
0.182468780019212	52203.09
0.437664453076056	137880
0.401641398321012	126536.18
0.440836570187529	136634.91
0.332978323518356	82942.35
0.550964791379526	143965.8
0.509794094307313	155089.11
0.229712233220565	64817.96
0.185983377187487	60081.55
0.180428517729608	59203.76
0.260096896796559	76841.68
0.187633128680616	73372.5
0.243390552562336	84753.22
0.516597752996701	183638.95
0.522073257319467	95517.91
0.484145679321722	155016.77
0.932594077600969	268749.91
0.444096395606231	141135.28
0.179948210332874	55291.49
0.308962953681661	92055.91
0.492208578707764	158075
0.517671135613749	185002.74
0.170279413607317	54108.79
0.425264169068204	130989.1
0.289145052833814	90080.93
0.339639978281753	105817.09
0.517773461972184	204797.3
0.525667209622854	171603.8
0.501607985632544	160607.57
0.506557240111932	165421.29
0.389278703587687	123884.72
0.141586267385039	53304
0.0738629244455582	31250.82
0.105897339514681	29160.33
0.299525957482354	84872.22
0.304034582132565	102890.37
0.257966837906695	84864.66
0.189700538779602	72970.55
0.0992983335421626	29942.25
0.100760138662657	39569.1
0.188155201937936	55694
0.588961283047237	210586.91
0.465898174831892	139836.65
0.0959152988347325	35277.97
0.263124921689011	96533.26
0.00208829302927787	627.76
0.120160380904649	44196.2
0.333673725097106	95071.92
0.208792757799774	70544.48
0.134797226746857	32273.66
0.299837113143716	110358.56
0.183895084158209	63274.29
0.331161508582884	107893.76
0.441987219646661	147559.56
0.501065029444932	161229.03
0.453890489913545	169691.41
0.472351000292361	179739.5
0.458756212671762	173483.81
0.396859207283966	147449.75
0.242409054838575	67718.62
0.2739443678737	78164.25
0.466641607150315	134732.11
0.51518189032285	177913.18
0.244330284425511	87525.76
0.382199390218435	136293.83
0.488368207826922	166274.66
0.457377939272439	150878.31
0.466399365158919	156927.12
0.483356304556655	166020.96
0.509917303596041	166553.69
0.511715323894249	186076.1
0.510274401704047	177391.27
0.503717161592115	186424.43
0.512634172827131	179205.24
0.325397819822077	40369.1
0.336799899761935	41991.88
0.445641732447897	158378.66
0.330702084116443	118151.88
0.472330117362068	164995.18
0.384997702877668	137926.89
0.306540533767698	38060.55
0.51657060518732	191396.21
0.399824583385541	141787.15
0.475754917930084	179405.13
0.455310529173454	174633.05
0.413189658772919	153733.88
0.196226454496095	86312.68
0.12686380152863	52483.5
0.193689178465522	11994.61
0.244017040471119	91911.62
0.329532640020048	129545.06
0.143361316459926	54332.92
0.274944660234724	102030.23
0.33623606064403	95762.1
0.292736916844172	111143.31
0.0717328655556948	20732.91
0.184454746690056	56714.6
0.405417032117947	141105.16
0.494956772334294	155266.11
0.291421292235726	94406.87
0.429741469322975	142324.4
0.221191997661112	72780.97
0.111379108716535	34284.09
0.27408846009272	101632.72
0.29075178549054	107714.35
0.305245792089546	109836.75
0.177603057260995	56970.73
0.436369711397903	156539.33
0.476072338470534	129729.94
0.408866892202314	150995.28
0.477592615795848	155764.77
0.479576494173662	158630.37
0.184062147600551	60317.28
0.495551935847638	179298.78
0.525917804786368	189891.27
0.507699536398947	180039.12
0.520611452198973	200434.89
0.241197844881594	89558.06
0.490412646702585	204805.42
0.405734452658397	149630.62
0.42079104539949	159580.49
0.466284509042309	148468.5
0.333395982124212	109947.28
0.333145386960698	122222.63
0.315290481560373	116415.03
0.419066115357307	137849.49
0.503508332289187	178530.66
0.292674268053293	113416.79
0.288998872321764	118922.14
0.153009230255189	47555.48
0.219103704631834	80269.08
0.148373219730193	52416.16
0.214885352712693	73851.34
0.253999081151067	87104.72
0.163993651589191	43264.32
0.496971975107547	183177.05
0.52105417032118	165349.56
0.489990811510671	173505.1
0.243829094098484	30386.3
0.214008269640396	26730.02
0.203483272772835	25355.39
0.280207158668504	99655.04
0.287672806248173	84369.17
0.0330789792423673	11127.07
0.163922649626196	57504.47
0.174790126550558	64974.95
0.0661571231675229	25759.93
0.0667209622854279	22741.85
0.162093304932548	62667.7
0.0677859917303596	24335.4
0.177504907488619	69288.24
0.258555736540951	66182.28
0.111243369669632	38768.47
0.106874660652383	39674.95
