"8502" "9634" "17626" "15938" "1124" "22178" "17859" "17545" "21786" "9100" "2029" "20929" "1367" "543" "9008" "12196" "21420" "8862" "607" "12468" "134" "4454" "1106" "20125" "1178" "9359" "2192" "21559" "15405" "4067" "8754" "8510" "9589" "9007" "17547" "8119" "12578" "4717" "14785" "17400" "10398" "617" "2503" "15446" "21653" "8460" "9272" "1788" "8120" "21785" "18447" "16662" "2342" "3084" "2597" "21767" "12537" "11697" "11501" "18409" "8111" "18057" "15622" "1209" "22136" "17810" "10177" "10193" "8461" "16601" "8266" "7696" "4244" "8928" "5550" "19073" "12980" "17561" "8706" "18606" "5821" "12195" "16784" "983" "9269" "6191" "706" "1539" "18008" "21830" "13547" "4389" "12612" "2030" "12522" "3482" "11829" "2074" "8705" "18229" "y"
12.72 7.95 6.37 8.29 13.48 4.02 8.38 2.87 9.23 3.14 3.62 3.38 10.7 10.48 3.38 2.51 8.14 2.56 9.11 3.12 8.83 6.53 4.01 5.56 12.61 7.23 4.31 5.31 2.45 10.77 4.93 3.11 3.01 5.32 4.53 6.43 5.84 3.32 6.28 7 6.21 6.73 2.48 2.13 4.43 3.86 5.4 3.5 6.13 9.55 5.72 4.5 8.7 7.2 4.54 4.26 4.42 4.98 8.7 5.36 3.71 4.37 2.33 6.95 5.12 5.74 10.5 3.88 3.72 6.21 8.48 6.31 6.74 6.2 5.55 6.09 5.36 4.04 3.79 3.2 4.45 2.94 7.25 7.32 3.92 5.4 6.89 5.93 4.61 5.42 4.15 2.15 6.37 5.15 4.75 4.24 4.02 9.24 5.77 4.39 6.18
9.2 7.14 6.48 3.14 10.5 4.95 8.45 7.18 9.9 5.75 4.9 2.85 3.86 4.55 4.96 3.84 4.16 8.89 8.38 6.56 6.84 7.17 8.73 7.36 9.2 4.46 6.9 5.69 5.1 3.21 6.25 8.43 6.73 6.61 3.37 9.04 4.73 4.97 5.83 4.26 6.9 8.45 7.48 2.42 4.15 5.25 2.2 7.8 9.34 10.11 7.13 5.43 8.51 6.72 4.45 2.73 8.76 8.5 8.56 5.95 9.11 3.22 2.79 8.01 4.58 3.77 9.82 5.88 8.59 8.99 8.74 5.15 4.02 8.77 2.93 5.32 7.49 5.86 3.49 4.56 3.36 3.23 7.9 7.68 3.42 8.41 7.38 8.36 5.55 3.35 5.43 1.88 6.32 8.79 8.8 4.19 8.45 10.06 4.74 3.25 3.44
4.08 7.25 3.34 3.06 10.38 1.73 8.03 2.47 9.51 9.65 8 2.67 3.06 4.17 5.27 8.95 4.39 2.42 5.95 3.74 7.17 6.2 3.1 5.85 2.63 4.78 7.48 5.87 6.4 3.16 5.91 2.92 8.1 6.29 3.37 7.31 4.46 2.45 6.62 2.62 6.7 8.49 6.34 2.08 4.44 5.39 2.46 7.05 7.37 9.6 7.74 5.9 5.94 4.78 6.14 3.09 7.87 5.35 8.63 4.17 6.67 3.18 9.29 7.48 3.34 3.76 3.43 3.62 8.42 6.71 7.49 2.7 2.63 9.46 2.4 4.71 6.3 7.07 3.33 5.6 3.47 8.42 7.33 6.66 5.71 4.65 8.12 8.62 2.98 3 6 2.1 7.08 7.35 10.98 1.91 3.16 2.63 4.33 3.27 -0.58
4.12 6.9 3.71 3.64 4.31 2.38 7.3 2.48 4.06 3.83 4.49 2.91 3.24 5.85 3.53 3.15 4.6 2.43 6.14 5.63 2.47 6.25 3.91 4.58 2.83 4.47 3.63 6.64 3.27 3.36 3.23 10.47 3.73 2.95 4.21 8.35 5.79 3.09 6.72 2.8 3.24 8.89 3.05 2.15 3.31 5.13 2.82 7.39 9.49 6.73 7.99 4.65 7.24 5.03 4.46 3.27 8.63 6.05 8.86 4.1 5.98 3.45 2.06 7.87 5.16 3.78 3.69 3 8.45 7.52 6.98 2.73 2.64 9.16 3.25 4.35 7.45 7.79 3.48 4.11 3.74 3.41 5.86 7.23 5.06 3.66 8.13 8.08 3.72 5.86 3.72 2.11 6.61 7.91 7.15 1.95 7.07 2.76 5.19 3.47 -0.09
13.13 9.72 6.81 8.24 13.76 5.77 9.66 6.46 9.99 5.72 3.22 6.18 10.27 12.15 3.89 5.25 6.44 5.86 11.13 7.68 10.39 7.22 3.07 6.66 13.97 7.91 3.5 4.73 1.89 10.37 7.04 8.43 3.02 5.59 11.61 8.13 5.98 8.43 7.03 7.27 6.05 9 4.43 3.95 3.88 3.09 6.56 3.35 9.16 10.33 6.51 4.9 9.25 6.52 3.97 5.65 5.41 7.16 10.09 5.05 6.96 4.37 2.01 9.5 7.79 5.12 11.49 6.53 2.69 7.89 9.37 7.46 6.49 7.66 7.71 5.97 6.65 5.7 2.78 5.14 5.05 4.02 9.12 9.8 3.38 7.39 7.11 8.22 4.2 6.03 4.93 3.44 7.08 6.66 3.4 3.69 3.34 10.34 4.65 4.77 6.26
5.68 3.65 3.55 3.1 11.12 2.6 6.4 2.42 3.79 8.54 6.23 2.72 3.15 4.84 4.76 7.68 4.41 2.38 7.34 6.49 2.45 6.73 6.86 6.19 2.67 3.08 6.2 5.54 5.83 3.21 3.1 2.89 8.18 4.67 3.5 9.59 5.46 6.05 6.15 2.63 4.97 8.57 6.72 2.12 4.32 4.97 2.31 8.13 10.78 6.6 6.94 5.22 6.71 5.01 5.79 2.6 8.8 6.37 8.83 4.09 5.99 3.21 6.68 7.79 4.07 3.94 3.69 4.79 8.07 9.41 8.46 2.06 2.62 8.57 6.45 4.36 6.94 7.31 3.28 5.78 3.3 7.17 6.89 8.19 3.58 3.71 8.14 8.92 3.08 3.38 4.75 2.12 7.28 7.99 6.72 3.27 6.39 2.67 5.65 3.18 0.35
3.9 6.21 2.96 3.09 6.44 1.85 6.97 2.39 3.89 5.92 6.52 4.63 3.05 3.69 5.97 5.13 4.58 2.35 7.83 3.73 2.44 6.07 4.28 6.38 2.63 3.33 6.86 6.83 4 8.9 3.16 2.92 5.09 7.08 4.13 7.78 5.9 3.03 7.23 5.97 7.77 7.8 8.09 2.02 5.22 5.59 2.33 7.68 8.39 6.82 7.42 5.22 7.97 5.36 5.8 3.22 8.11 5.35 8.32 4.08 6.06 3.17 8.44 7.48 5.92 4.56 3.54 4.76 8.2 7.24 7.83 2.05 2.59 8.07 4.91 6.26 6.06 7.57 3.2 5.64 3.41 4.44 7.04 7.29 5 3.7 8.82 8.88 3.54 3.51 4.99 1.82 7.23 7.66 8.28 2.66 4.72 2.62 4.32 3.2 -1.53
4.28 6.39 3.24 3.11 7.78 1.96 7.8 2.81 4.63 5.67 5.49 3.11 3.14 3.75 8.08 4.04 4.28 2.43 6.5 3.54 2.46 6.23 2.87 5.81 2.71 3.88 5.32 7.71 3.18 6.13 3.32 2.24 4.24 7.95 3.36 7.27 5.71 3.18 5.94 2.64 8.2 9.47 6.35 2.1 7 6.05 2.64 6.5 8.33 5.62 7.48 6.02 7.01 4.18 6.5 3.32 8.8 5.46 8.87 4.22 4.96 4.58 1.88 8.08 4.78 4.38 3.57 3.21 8.67 6.69 7.66 3.99 2.62 8.4 2.9 4.25 6.67 7.77 3.46 5.45 3.39 3.64 7.88 7.45 3.27 3.78 8.03 9.15 2.96 3.62 4.93 1.98 7.29 7.82 10.61 2.83 2.37 2.68 5.2 3.2 -1.53
3.84 7.35 2.96 3.11 6.28 1.91 8.92 2.42 4.89 5.74 6.34 4.05 3.1 5.42 6.2 4.86 4.39 2.36 8.08 3.92 2.86 6.24 5.17 5.75 2.67 3.12 6.89 5.13 4.84 8.29 3.4 2.37 6.56 7.41 4.05 9.64 4.71 6.51 6.45 3.69 7.77 8.13 6.87 2.05 5.37 6.24 2.57 6.38 10.13 6.66 6.51 4.52 9.64 7.26 5.37 3.08 8.03 6.78 8.1 4.08 6.64 4.89 2.36 9.19 5.66 4.24 3.75 4.44 8.57 9.27 7.39 2.69 2.63 7.44 10.66 5.79 5.59 7.5 3.41 5.55 8.22 2.92 7.36 7.56 9.1 4.99 7.73 7.69 3.07 3.44 2.57 2.1 6.1 7.73 5.65 3.33 2.47 2.65 5.07 3.27 -1
3.54 5.95 2.96 3.15 1.95 2.01 8.65 2.38 3.99 4.56 6.51 3.4 2.99 3.68 6.09 4.2 4.62 2.42 4.41 2.66 2.44 5.57 3.25 5.5 2.64 3.45 6.34 5.25 6.08 6.25 3.39 2.21 8.63 6.26 3.42 6.03 5.35 1.59 7.1 2.53 7.08 7.81 6.29 2.03 5.47 8.36 2.46 7.74 7.19 4.09 7.46 5.49 6.2 4.82 5.66 2.84 8.95 5.31 8.63 4.09 5.81 3.35 5.92 7.23 5.36 3.83 3.68 2.97 10.95 5.3 7.51 2.68 2.63 9.4 2.45 5.2 6.43 6.81 3.4 5.08 3.28 3.51 8.05 7.21 8.46 3.37 8.08 8.23 2.96 5.18 3.22 1.72 6.13 7.28 8.58 1.9 2.34 2.63 4.62 3.42 -1.77
8.76 8.17 3.34 3.09 9.87 1.99 7.54 3.8 7.48 6.15 5.92 3.53 3.15 6 6.04 4.74 4.4 7.84 8.56 5.48 3.8 6.7 4.73 6.47 2.67 5.23 5.32 5.95 4.57 6.82 4.65 2.38 6.49 7.94 4.12 9.45 5.06 7.79 6.55 4.18 8.15 8.24 7.18 2.13 5.61 6.1 2.19 6.28 9.85 8.46 6.87 4.86 9.11 6.73 5.7 3.03 8.18 5.97 9.17 4.09 5.86 3.65 4.99 8.09 5.29 3.76 3.54 6.98 8.65 9.06 8.38 2.68 2.62 8.52 8.14 6.36 5.57 8.51 3.2 5 8.33 4 7.98 7.67 7.58 3.93 7.76 10.1 2.95 4.11 6.9 2.8 6.13 8.1 6.09 3.61 3.4 3.01 4.65 3.34 2.01
12.23 5.64 7.21 6.94 13.29 6 6.2 3.17 10.73 9.24 7.31 3.14 12.37 10.1 6.37 8.2 6.02 8.89 10.76 7.13 9.73 6.67 3.1 6.81 11.99 8.76 3.54 7.17 3.67 3.26 8 2.94 5.4 7.79 3.39 8.57 5.01 9.51 7.42 9.43 8.23 8.61 9.32 2.31 5.44 2.89 2.72 8.25 9.02 10.97 7.21 4.34 7 8.57 4.31 3.14 6.91 6.59 9.51 4.22 4.85 3.8 10.52 6.25 4.76 6.37 11.85 6.27 2.73 8.53 8.6 8.01 5.27 8.16 10.1 6.92 6.32 3.31 7.99 5.01 4.51 7.92 5.78 7.98 7.06 6.04 8.6 7.77 9.61 3.5 3.86 2.11 4.05 7.51 3.44 3.21 8.56 10.01 9.22 3.26 -3.57
11.81 7.83 6.26 5.05 12.85 4.94 7.65 6.7 11.7 2.58 3.57 4.69 12.22 10.21 3.44 2.4 5.49 9.13 10.05 5.83 8.52 8.39 5.41 5.83 12.22 8.95 3.55 5.63 3.14 11.04 9.22 2.85 3.01 6.05 4.84 8.8 6.75 8.49 6.74 9.65 6.34 7.74 3.76 2.45 3.12 2.68 6.5 5.04 9.63 11.9 6.9 4.44 8.38 9.55 4.13 4.56 5.56 6.17 9.55 7.06 7.16 5.2 2.37 7.38 5.85 4.7 11.48 5.63 2.53 8.09 9.31 8.86 6.26 8.75 8.06 6.16 6.48 4.45 8.23 5.06 5.32 2.53 7.44 8.37 3.96 4.83 8.12 8.65 8.97 3.77 5.38 3.07 7.6 7.48 3.39 5.86 6.34 10.04 9.09 5.67 5.26
10.9 8 4.44 3.74 12.01 4.27 8.36 5.61 11.13 2.92 5.96 4.27 11.03 9.48 4.05 2.46 4.38 9.89 9.28 5.74 8.69 6.41 5.03 5.45 12.08 7.68 3.56 6.48 2.76 10.46 8.62 2.69 3.17 5.27 3.72 11.09 5.21 7.13 5.86 6.07 5.35 7.5 5.55 2.17 3.3 3.29 6.7 7.08 11.27 11.34 7.23 4.79 8.94 9.6 4.63 5.04 7.17 7.24 8.88 8.09 5.42 3.53 1.9 8.26 6.17 6.04 10.9 4.31 2.75 10.82 10.12 8.51 5.39 7.3 9.68 6 6.02 3.19 4.79 4.77 7.31 2.6 6.34 8.89 4.68 6.15 8.4 8.51 7.98 3.72 3.96 3.43 6.43 7.63 3.47 4.05 7.67 8.97 5.78 4.19 3.8
11.72 8.25 7.22 5.29 13.08 5.76 7.94 7.69 11.97 5.48 4.88 5.45 12.14 9.74 4.05 4.42 5.06 8.57 9.45 7.37 8.77 8.2 6.2 5.13 11.57 7.33 3.56 5.84 3.26 6.63 9.61 3.25 4.02 6.04 3.85 9.06 6.08 6.53 6.21 9.04 6.53 7.59 5.43 2.72 3.76 3.3 7.68 6.58 9.58 12.11 6.49 4.78 9.69 9.62 4.49 7.21 6.43 6.18 9.27 7.37 5.99 3.77 1.91 7.41 6.46 5.58 11.92 7.36 2.73 8.56 9.01 8.36 7 6.27 9.68 6.67 6.57 4.42 7.02 4.12 5.42 3.3 7.78 8.38 4.92 5.24 7.99 9.58 6.17 4.32 6.01 3.63 6.59 8.44 3.46 5.63 3.53 9.36 8.26 6.09 5.01
12.45 8.33 6.4 6.16 13.69 4.98 9.24 8.55 10.87 3.13 3.85 4.15 11.66 10.51 3.66 2.82 6.08 8.56 9.78 6.83 8.77 9.02 7.53 4.97 12.02 9.04 3.52 5.28 1.9 9.39 7.97 4.07 3.04 4.28 3.49 7.22 6.21 7.95 5.66 9.58 4.18 6.83 3.09 2.6 3.38 5.11 2.78 4.4 8.61 11.08 5.73 4.01 7.32 9.11 4.42 3.76 6.44 7.56 9.04 7.23 6.71 3.99 1.87 8.3 5.81 3.89 12.1 6.05 8.55 6.65 8.9 8.8 4.98 8.05 7.4 6.37 7.37 3.13 7.63 4.32 5 2.54 9.89 8.77 3.4 6.39 7.34 9.57 7.94 4.01 5.37 2.91 4.34 6.77 3.41 5.08 8.88 10.56 9.05 3.84 5.9
12.49 7.15 7.75 7.6 13.32 6.5 6.87 2.55 11.51 5.42 5.63 3.18 11.97 9.35 4.03 4.74 5.54 8.9 8.06 6.33 7.6 6.99 3.94 6.78 12.52 8.58 3.96 5.94 4.69 3.44 8.97 8.4 5.87 6.18 4.27 9.33 5.46 9.72 7.46 9.41 6.43 7.89 3.12 2.16 4.45 3.42 2.79 5.4 9.62 11.7 6.29 4.75 6.67 9.84 5.15 3.3 5.95 6.51 8.88 8.68 8.51 3.8 2.47 7.61 4.73 4.02 11.71 3.6 2.9 9.24 10.34 7.91 5.29 7.46 7.71 5.47 5.37 3.17 8.88 3.25 5.53 3.31 6.44 7.58 6.28 6.05 8.28 7.9 10.17 3.66 3.83 2.15 5.43 8.42 3.79 4.33 9.92 8.98 9.75 4.59 -2.88
12.19 7.32 3.02 6.88 13.34 1.95 6.79 5.99 9.74 6.37 5.54 4.47 11.76 8.32 4.65 5.46 5.7 9.37 9.48 5.74 9.98 8.29 3.97 4.75 12.01 7.96 5.07 6.69 7.34 9.84 6.27 6.51 9.43 5.05 6.5 8.91 5.56 7.96 6.28 6.65 5.66 7.91 3.76 2.11 4.4 3.22 6.59 5.99 9.36 10.08 7.27 4.58 7.92 10.18 4.44 5.23 6.54 7.02 8.86 5.96 5.21 5.31 7.15 7.73 6.47 8.16 10.55 5.15 2.64 8.46 9.82 7.15 4.48 8.5 6.7 6.47 6.5 3.87 7.32 4.19 3.69 4.48 6.72 8.12 3.8 6.29 8.14 8.16 7.79 4.36 3.06 1.69 6.27 8.39 3.78 4.75 6.02 10.1 8.71 4.04 5.85
4.38 6.08 2.78 3.34 1.96 1.96 7.02 2.75 3.75 8.29 8.8 2.71 3.42 3.93 7.78 7.5 4.3 2.44 6.47 3.27 2.52 6.01 3.27 8.34 2.86 2.84 8.3 5.66 5.22 3.39 3.41 2.4 7.24 8.56 3.82 7.31 5.1 5.11 7.56 2.78 8.96 7.91 7.14 2.04 7.07 9.39 2.44 6.67 8.62 8.14 9.04 4.91 6.51 2.84 4.21 3.01 7.82 6.34 8.54 6.9 3.98 3.51 9.12 5.95 4.17 5.1 8.59 3.63 11.34 6.16 8.15 2.71 2.69 9.22 2.47 5.54 5.15 5.71 2.83 5.27 3.99 7.36 3.76 7.37 5.4 3.8 8.23 2.58 3.03 3.55 2.08 1.68 4.29 9.14 3.46 1.96 2.42 9.85 4.93 3.26 -2.48
4.14 5.05 3.38 3.48 8.46 2.03 7.06 2.67 3.74 7.35 6.79 2.91 3.5 5.86 7.72 6.57 4.41 2.45 7.92 3.73 2.49 6.82 2.22 8.62 2.87 3.15 8.05 5.49 2.5 3.45 3.43 2.46 2.68 7.7 3.7 7.34 5.89 3.13 6.29 2.68 8.5 6.9 7.13 2.17 6.92 3.43 2.8 3.01 8.25 8.82 8.19 5.66 6.84 5.56 5.39 3.08 7.61 4.14 8.36 6 3.37 3.37 7.63 3.13 3.7 5.9 3.7 3.57 5.17 6.71 7.19 2.71 5.87 9.12 2.54 6 5.76 5.23 3.02 5.84 4.75 5.33 3.83 7.24 4.61 4.14 8.21 2.66 3.14 3.66 2.12 2.12 4.85 8.39 3.84 2.04 2.46 11.22 5.3 3.45 -2.75
8.28 7.14 2.74 3.64 10.29 1.95 7.32 2.55 4.17 6.33 7.5 2.82 9.32 9.49 8.81 5.37 4.34 3.11 9.13 2.41 2.48 6.78 1.9 7.02 7.79 7.87 3.61 6.43 3.96 4.56 3.5 2.41 4.73 10.37 3.45 8.04 5.71 3.95 6.01 4.3 10.61 8.91 9.85 2.16 7.51 3.44 6.79 5.61 8.64 7.36 7.42 5.68 7.43 7.29 5.76 5.64 7.42 6.88 9.33 4.11 4.98 3.3 1.9 6.99 4 3.78 3.7 6.62 3.22 7.83 7.4 6.91 7.15 8.81 12.1 7.85 4.15 5.73 2.11 3.58 3.72 4.17 7.02 7.91 3.41 7.19 8.46 7.91 3.11 3.5 4.39 2.4 5.44 9.13 3.47 4.75 2.55 9.86 4.07 3.27 1.72
3.86 5.97 2.98 3.71 1.96 2.04 5.98 2.49 3.86 6.76 7.94 2.74 3.41 4.05 3.89 6.2 3.83 2.44 6.98 3.84 2.52 5.84 3.04 7.48 2.86 4.4 8.16 6.76 5.78 3.39 3.42 2.34 7.71 4.67 3.76 8.21 5.11 5.1 8.41 2.67 4.88 8.29 8.46 2.09 4.18 7.53 2.61 5.86 8.78 8.04 9.48 5.45 7.82 2.24 4.53 2.89 7.51 6.05 8.71 6.31 4.46 3.38 8.93 4.99 3.69 3.97 8.89 3.87 10.14 7.35 9.12 2.11 2.76 8.6 3.34 2.84 5.13 4.64 2.83 5.29 3.84 6.27 2.09 7.71 3.55 4.78 8.62 3.18 2.62 3.62 2.28 1.68 3.68 8.39 3.51 2.08 2.5 2.79 4.74 3.27 -3.23
4.49 6.57 3.38 3.34 9.34 2.03 5.25 4.39 8.52 9.33 6.73 3.89 10.07 8.43 6.03 8.77 4.5 2.46 10.09 5.44 9.63 6.27 4 5.27 2.88 3.46 6.94 4.73 3.09 3.44 5.29 6.83 2.67 8.37 4.25 7.31 3.72 4.04 5.82 7.36 8.64 6.17 5.15 2.18 6.03 9.3 5.18 6.81 8.54 9.03 6.87 4.35 6.9 6.44 5.07 4.54 7.56 6.52 8.87 4.46 3.48 3.41 9.69 3.52 5.66 3.79 10.52 3.58 11.19 7.64 8.96 5.69 6.42 8.96 2.54 7.19 4.77 4.39 2.85 6.21 3.87 7.62 6.06 7.26 6.16 6.06 7.87 2.6 5.61 3.57 2.14 2.73 5.4 7.28 4.9 4.53 3.28 10.88 4.89 3.47 0.63
3.74 5.4 3 3.2 2.21 1.96 7.15 2.47 7.32 3.66 6.93 3.43 3.3 3.83 8.31 3.13 4.25 8.66 8.23 2.23 2.5 6.36 4.49 5.87 2.86 5.95 8.32 5.81 2.22 3.36 3.9 2.29 3.08 9.06 3.49 8.77 5.79 4.04 6.24 2.87 9.72 9.56 6 2.07 7.72 9.69 6.35 6.64 8.63 8.06 8.23 5.01 9.23 6.53 4.89 5.15 7.75 5.65 8.59 6.09 4.45 3.77 10.05 5.65 5.71 3.89 3.61 8.67 12.15 8.74 8.56 2.48 2.71 7.6 4.46 6.15 5.41 6.43 2.84 4.49 3.57 2.72 5.1 8.91 3.42 4.56 8.3 2.61 2.98 3.52 2.07 1.7 5.76 8.46 3.48 4.51 2.43 8.76 4.95 3.34 0.43
4.93 5.81 2.91 3.18 11.31 1.96 7.66 2.45 3.82 2.65 5.61 3.38 3.23 3.72 5.01 2.25 4.44 2.42 7.18 5.36 2.48 6.59 3.95 7.24 2.77 5.04 7.68 5.62 4.84 3.32 3.41 2.39 5.77 6.69 3.39 7.27 5.07 3.32 7.48 2.66 7.25 7.61 5.39 2.16 3.62 8.62 2.18 7.53 7.79 7.28 7.45 5.46 8 6.72 4.44 3.2 8.87 5.98 8.92 6.46 7.27 3.23 9.12 6.86 4.45 3.78 3.58 4.87 10.71 6.7 9.06 2.73 2.65 9.42 2.55 5.59 6.43 6.88 2.81 5.18 3.33 2.57 7.31 7.52 6.04 4.76 7.76 8.25 9.45 3.37 4.46 2.86 3.79 7.75 10.68 2.15 2.4 2.72 3.89 2.5 -1.99
3.79 7.12 2.99 3.18 2.18 1.9 6.8 2.48 4.9 9.87 5.61 2.76 3.22 5.68 10.68 8.94 4.52 6.06 7.63 2.93 2.47 5.39 1.88 6.88 2.77 3.72 8.77 9.27 6.76 7.03 3.42 2.38 8.75 10.66 3.51 7.28 4.77 1.48 8.75 7.9 11.09 10.73 6.45 2.12 9.43 8.8 2.49 9.92 8.18 6.06 7.45 4.96 8.55 7.12 4.83 2.71 8.18 6.12 8.36 4.46 3.44 3.27 7.75 5.88 4.07 3.76 3.7 5.24 11.05 7.11 8.54 3.2 2.74 8.01 2.46 4.4 5.1 9.18 2.81 5.86 3.48 8.26 7.4 7.74 3.81 4.76 10.36 8.8 3.04 3.7 4.38 1.68 3.99 8.37 8.79 3.91 3.13 7.41 3.97 3.46 -2.21
3.81 5.95 2.93 3.45 8.57 2.37 6.18 2.46 3.98 9.64 7.19 3.48 3.38 4.29 8.51 8.9 4.4 2.42 3.97 3.79 2.45 6.24 2.32 7.44 2.81 2.84 9.38 6.96 5.35 3.78 3.39 2.34 7.13 8.9 4.18 4.87 4.27 2.48 7.32 2.72 9.33 9.48 5.45 2.13 7.55 8 2.16 10.62 5.89 8 8.5 5.39 6.61 6.68 8.01 2.9 7.65 5.17 9.02 4.08 3.05 3.5 9.62 6.84 6.02 3.86 3.56 3.43 10.99 5.72 7.97 3.76 2.65 8.69 2.45 4.63 5.09 8.66 2.1 5.69 3.68 9.31 6.97 7.59 5.73 2.96 10.05 7.02 2.84 3.56 2.17 2.09 3.64 8.28 9.53 4.22 3.23 2.74 5.14 3.44 -2.68
4.72 6.69 2.99 3.88 10.27 2.26 4.79 2.46 4.15 10.33 7.11 2.83 3.41 4.56 5.25 9.46 4.6 2.45 8.01 4.27 2.48 6.28 3.3 6.64 2.86 4.41 6.78 7.73 5.64 8.48 3.2 2.66 6.85 7.62 3.51 7.22 3.59 2.78 8.08 2.66 8.13 9.93 6.88 2.16 4.26 4.13 2.63 7.61 8.08 7.53 8.23 5.37 7.9 6.37 6.47 3.44 7.63 4.84 8.66 5.11 5.04 3.56 9.19 6.67 5.26 3.97 3.7 3.46 8.51 6.09 8.35 4.69 3.07 8.61 2.55 6.49 5.12 7.93 2.82 5.91 3.87 9.36 5.57 7.25 8.14 3.01 8.46 7.38 6.64 3.64 3.19 1.68 3.67 7.35 7.09 2.85 5.84 6.72 4.51 3.46 -1.64
3.83 5.53 2.61 3.17 6.96 1.95 7.02 2.44 4.52 11.05 6.99 3.35 3.16 3.78 9.05 10.12 4.3 5.72 7.19 4.63 2.46 5.75 2.6 7.08 2.72 2.78 9.52 8.26 8.24 4.6 3.15 2.24 9.88 10.68 3.38 6.76 3.41 4.5 9.81 5.98 11.07 10.32 7.22 2.11 7.25 4.89 2.16 10.38 7.9 6.3 9.33 8.06 8.04 5.51 8.2 2.81 9.16 5.54 8.56 4.09 3.06 3.23 10.51 5.44 4.88 3.77 3.61 3.39 10.73 5.52 8.64 4.6 2.66 9.4 2.45 5.98 5.31 9.95 2.61 6.51 3.31 10.14 7.26 6.99 4.64 2.86 10.97 5.82 2.96 3.46 2.41 2.11 3.97 8.94 10.72 3.06 2.38 9.3 3.81 3.25 -2.2
3.87 5.85 3.29 3.36 1.99 1.96 5.5 2.48 3.91 12 6.17 2.93 3.4 3.75 6.89 11.18 4.45 2.47 8.39 4.58 2.5 6.28 3.06 6.77 2.89 3.26 3.66 9.24 3.74 8.19 3.17 2.42 5.78 9.23 4.34 5.88 3.69 2.68 8.6 3.23 9.68 8.69 5.42 2.19 5.87 6.72 3.45 9.18 6.65 6.56 7.02 7.43 7.48 6.97 4.48 3.8 8.16 5.79 7.73 4.88 3.93 3.53 2.75 5.58 4.85 4.2 3.72 3.79 9.64 5.98 8.42 2.13 3.45 8.09 2.53 5.33 5.15 8.32 2.14 5.58 3.67 10.78 5.85 7.29 7.04 4.86 10.28 6.65 2.63 3.48 3.01 1.71 5.74 8.19 9.72 4.57 3.35 8.53 5.02 3.94 -2.22
3.77 5.95 2.98 3.17 7.95 1.84 7.58 2.44 4.04 9.35 7.17 3.31 3.22 3.71 10.03 8.69 4.47 2.4 6.5 4.5 5.04 5.49 2.61 7.58 2.74 3.14 6.83 8.04 5.82 3.31 3.21 2.27 7.38 11.21 4.28 6.02 5.17 3.64 8.74 2.64 11.65 9.55 8 2.14 8.77 7.6 2.5 9.54 6.76 6.03 8.34 5.46 7.51 6.13 5.64 3.31 8.68 5.46 8.45 5.88 3.07 3.24 6.61 4.93 5.02 3.77 3.69 5.37 10.76 5.59 6.94 2.72 3.05 9.04 2.44 5.98 5.09 8.91 2.8 6.58 3.42 7.88 7.48 7.55 6.56 3.52 10.04 6.66 3.15 3.39 2.36 2.11 4.63 9.13 10.44 4.07 4.29 5.08 3.89 3.2 -2.71
4.47 6.76 3.02 3.46 8.19 2.2 6.59 2.5 3.71 10.4 5.95 3.04 3.5 3.87 5.21 9.58 5.36 2.51 7.09 3.9 2.52 5.44 3.97 7.32 2.9 4.49 6.63 8.35 7.21 7.62 3.31 2.52 8.57 8.5 3.48 4.93 4.2 2.6 9.39 2.98 8.81 10.15 6.33 2.07 4.51 7.28 2.59 8.42 5.81 6.1 8.64 5.03 7.16 5 5.63 3.1 8.27 5.75 8.15 4.13 3.5 3.54 8.01 5.63 5.73 4.04 3.72 3.51 11.77 5.19 7.49 2.74 2.81 9.15 2.55 4.55 5.31 8.17 2.22 5.52 3.83 9.41 6.82 6.78 6.16 3.25 9.33 6.44 2.29 3.66 2.58 2.13 4.24 5.51 9.54 2.03 2.77 2.99 4.85 3.48 -2.89
4.11 5.92 2.98 3.57 9 1.95 5.98 2.45 5.35 9.94 7.17 3.28 3.23 3.73 8.76 9.69 4.64 2.41 6.4 2.92 2.47 6.25 2.62 5.99 2.79 3.14 8.39 8.29 5.86 3.29 3.41 2.22 7.01 9.8 3.39 5.95 4.46 3.12 8.85 3.7 10.39 10.48 6.88 2.13 7.51 7.64 2.51 8.55 6.54 8.01 9.31 5.98 7 7.01 6.42 3.41 7.55 5.42 9.04 3.93 4.49 3.25 10.83 6.24 5.06 3.74 3.69 3.44 10.67 5.96 7.07 2.44 2.74 9.31 2.45 6.24 5.03 8.29 2.52 6.44 3.69 9.26 7.19 5.87 8.45 4.72 9.47 6.71 3.01 3.55 3.32 1.68 6.57 7.93 10.48 3.47 3.29 2.72 4.03 3.45 -2.7
4.08 4.28 2.97 3.15 9.01 1.94 6.35 2.42 4.25 10.03 7.24 3.21 3.17 3.69 9.33 9.35 4.53 2.38 6.2 1.82 2.45 5.96 2.34 7.13 2.72 3.28 7.13 7.93 6.04 3.21 3.4 2.22 7.3 10.28 3.35 4.5 3.32 2.69 9.1 2.63 10.71 10.29 7.33 2.03 8.12 7.2 2.48 8.61 5.58 7.21 9.61 6.65 6.9 7.22 6.65 3.21 7.93 5.4 8.84 4.02 4.22 3.21 11.01 6.39 5.08 3.76 3.68 3.39 10.36 5.61 7.29 2.95 3.06 9.15 2.42 6.32 4.83 8.42 2.29 6.39 3.43 8.91 6.44 5.58 8.76 4.77 9.29 7.34 2.95 3.39 3.41 1.66 7.06 8.13 10.33 2.99 3.23 2.67 4.07 3.18 -2.79
12.35 9.45 6.76 6.25 13.72 5.5 7.88 5.66 11.17 5.6 6.42 3.82 3.86 7.45 3.88 5.37 6.38 8.21 9.04 8.62 6.79 7.24 3.98 5.2 8.11 7.04 5.55 5.34 3.26 8.17 7.75 12.56 2.62 4.95 6.16 8.93 6.22 7.21 6.13 8.1 5.61 7.6 3.07 4.31 3.41 3.25 5.15 6.28 9.4 11.19 7.11 4.32 9.48 9.57 4.06 4.85 6.71 7.26 9.47 7.95 7.72 4.51 2.11 7.85 5.7 5.71 10.97 4.79 2.76 8.19 9.48 4.52 3.71 7.39 2.67 7.52 7.59 4.8 4.88 4.38 7.01 3.71 7.6 7.73 3.81 5.56 7.4 9.54 4.28 3.88 5.63 2.11 8.04 6.04 3.59 3.74 7.01 7.61 6.99 4.67 5.78
11.16 9.51 7.93 4.61 13.28 6.12 8.46 2.96 9.26 6.15 5.6 5.75 6.57 8.04 5.1 4.08 5.23 9.36 8.87 8.8 8.62 7.64 5.35 3.94 7.56 6.91 5.01 4.59 2.18 10.25 5.08 11.76 2.98 6.76 5.91 8.31 6.01 6.49 6.8 6.61 7.55 6.7 5.23 4.23 4.9 3.22 4.56 6.84 9.44 9.62 6.71 4.27 8.14 8.81 3.79 4.82 7.06 6.87 8.85 8.04 6.89 3.65 1.88 7.76 6.8 4.03 7.37 4.19 2.72 7.51 7.76 6.26 5.79 7.13 2.45 6.67 6.5 7.36 5.49 4.38 6.14 4.49 8.03 7.84 3.86 4.76 7.78 9.16 4.24 4.49 4.9 3.23 8.1 6.86 3.43 2.79 7.58 8.43 7.04 4.77 5.76
11.14 7.53 4.09 4.45 12.99 3.41 7.6 5.71 5.93 5.14 5.89 4.61 4.32 6.52 4.83 4.65 4.69 8.92 8.7 7.34 2.93 6.85 8.08 5.16 10.86 3.98 5.02 5.99 4.52 7.66 3.76 9.72 5.73 6.39 7.31 8.64 5 5.27 6.37 6.77 6.78 7.29 6.76 3.05 4.42 4.87 2.3 8.27 8.63 7.35 7.75 4.45 7.75 7.6 5.45 3.25 6.84 7.36 8.87 8 7.58 5.52 10.4 7.68 5.19 4.48 8.61 4.93 7.1 7.78 9.01 6.17 3.07 9 6.1 5.89 6.72 5.59 3.6 5.65 4.23 4 8.83 8.78 3.6 4.7 7.54 8.39 7.94 4.73 3.89 2.05 6.82 5.92 3.94 5.87 9.44 8.33 4.62 3.41 5.51
8.32 6.92 2.99 3.35 9.87 1.95 7.97 2.51 9.95 4.98 4.13 3.42 5.34 4.05 6.17 5.31 5.04 7.29 6.94 4.13 2.49 6.24 5.62 5.72 10.43 4.45 4.93 4.63 3.3 3.4 6.33 5.39 4.64 6.6 4.16 7.36 5.1 6.42 6.48 6.83 7.17 7.37 7.69 2.16 5.52 3.46 2.64 6.35 8.37 10.04 7.06 4.64 8.02 8.96 5.35 3.44 7.75 7.58 8.35 6.73 6.06 3.93 2.4 8.52 4.7 4 4.4 5.44 5.43 6.7 8.56 2.72 3.74 9.27 2.5 4.92 6.77 6.04 3.5 5.61 6.41 3 7.97 8.03 3.42 4.8 7.21 8.99 6.57 3.55 4.04 2.12 6.9 7.47 8.98 3.96 5.31 9.64 5.22 3.27 2.24
12.47 7.83 3.81 5.8 14.02 2.99 7.79 6.47 10.65 5.44 3.76 2.7 3.27 4.57 7.32 4.12 6.36 9.85 8.17 9.5 3.05 6.78 7.9 6.51 12.17 6.84 3.56 5.32 5.4 4.28 7.78 12.69 7.75 7.72 7.09 9.77 5.15 2.59 6.62 3.72 8.15 7.79 3.9 6.63 6.97 7.69 3.44 6.33 10.39 11.09 6.7 4.35 8.5 7.27 4.37 3.91 7.32 6.85 8.47 6.06 8.31 3.37 6.2 7.58 3.97 4.02 3.7 3.7 10.54 9.66 7.6 5.52 2.65 9.93 2.47 5.31 8.19 8.05 3.49 4.35 8.15 4.31 8.65 8.69 3.35 6.09 6.87 9.09 4.64 3.71 5.26 1.9 4.2 7.43 8.03 4.45 10.31 6.01 5.25 3.27 -1.31
12.21 10.98 7.45 5.37 13.67 5.62 8.91 7.34 11.36 2.73 6.18 6.03 11.62 10.46 3.28 2.14 5.51 8.86 9.11 7.89 8.1 6.86 4.76 7.03 12.9 9.12 3.49 4.87 1.89 9.94 9.11 12.22 3.02 5.54 4.62 10.02 5.73 8.19 6.27 9.65 5.67 6.38 2.99 4.54 3.12 3.16 3.76 4.82 10.35 11.61 6.26 3.76 9.9 8.35 3.76 3.81 6.9 7.56 9.66 8.69 8.46 8.15 1.86 9.07 6.79 6.96 11.56 7.7 4.07 9.65 9.92 8.83 7.07 7.61 4.77 7.18 7.27 3.55 7.02 5.07 5.42 2.66 9.05 8.43 3.43 5.65 7.83 9.82 7.82 3.63 6.75 5.92 6.99 6.01 3.43 4.81 10.55 10.28 8.41 3.51 7.94
10.32 8.18 4.92 3.83 11.89 2.42 8.22 2.56 10.17 5.18 6.13 6.58 3.53 8.76 5.16 5.05 4.66 4.95 8.1 3.9 2.51 6.06 3.94 4.94 11.33 5.86 4.13 4.48 2.25 10.24 6.85 9.14 3.1 6.33 4.9 8.35 5.13 6.31 6.04 8.46 7.1 6.67 3.9 2.18 4.87 6.25 3.86 6.77 8.91 10.44 7.12 4.36 9.21 8.27 4.5 3.86 8.06 4.58 8.87 7.23 6.21 4.02 2.12 7.58 8.19 6.56 3.75 6.21 8.77 7.83 9.59 2.71 3.44 9.25 6.39 6.03 5.17 6.24 3.55 4.39 4.18 2.91 6.44 7.87 3.77 3.82 7.52 8.44 4.34 3.71 3.82 2.87 6.44 7.74 3.55 4 4.93 8.52 5.63 4.8 5
4.71 7.11 7.01 3.18 2.18 5.48 7.26 2.49 4.11 5.82 5.19 3.41 3.25 9.8 4.75 4.83 4.44 2.42 8.53 5.35 3.84 6.29 2.64 3.84 2.8 2.81 3.55 5.31 3.22 5.88 3.09 2.39 4.77 6.04 3.69 7.29 5.1 5.67 5.53 2.81 6.17 7.68 5.74 2.12 4.09 3.23 6.17 7.34 8.18 6.14 7.19 4.34 10.2 8.57 5.13 5.77 7.26 5.9 8.64 6.58 4.94 3.26 2.05 8.3 5.25 7.91 7.59 3.31 2.67 6.71 9 6.54 4.6 8.21 2.47 4.94 6.32 5.58 6.66 5.12 4.17 3.41 6.47 9.29 4.7 4.14 7.72 8.4 3.1 3.66 3.82 4.87 8.09 7.51 3.2 4.63 3.98 7.16 7.79 3.24 -1.33
8.98 10.44 6.79 3.48 12.19 5.05 8.17 7.25 11.24 2.72 5.27 2.98 9.08 8.4 4.04 2.35 4.43 9.61 8.43 8.14 9.32 7.31 6.68 5.35 10.92 6.86 3.66 4.23 2.23 3.67 8.52 2.89 2.23 4.82 7.22 9.46 5.33 8.47 5.43 8.69 5.64 7 5.34 2.69 4.37 3.35 3.76 6.49 10.38 11.4 6.93 4.34 9.35 9.52 5.21 4.5 7.66 8.71 8.96 8.29 6.66 3.86 2.09 6.81 4.93 4.08 9.2 3.48 2.77 8.3 8.28 6.92 5 6.6 10.11 5.23 7.77 4.03 6.24 4.31 8.95 2.71 9.07 8.92 3.42 5.3 8.03 8.38 3.44 3.84 5.42 3.45 9.23 6.78 3.85 3.12 9.38 8.46 9.3 3.47 3.19
11.22 9.34 7.17 4.22 12.05 5.19 8.4 4.88 8.19 3.21 3.78 3.43 11.01 9.36 3.9 2.87 5.31 9.65 8.95 8.04 10.11 6.49 7.47 4.48 11.72 6.73 4.1 5.72 3.28 3.4 4.81 12.09 3.21 4.98 7.44 10.66 5.83 6.56 6.69 6.75 5.28 8.22 3.83 3.13 4.32 3.35 4.58 3.17 10.81 8.94 7.66 4.24 9.42 7.54 5.38 4.47 6.87 7.36 8.47 7.14 5.5 4.06 1.91 7.95 4.6 6.96 12.77 4.67 2.85 10.37 9.16 8.73 5.6 6.95 11.99 6.33 8.04 3.91 6.71 5.25 6.15 2.72 10.09 7.96 3.42 6.87 8.3 8.64 7.22 4.67 4.27 1.7 7.64 6.14 3.49 3.82 5.44 9.67 7.74 5.57 5.82
11.37 8.83 9.56 3.8 12.82 8.19 9.08 6.97 10.47 4.66 2.96 3.44 11.52 9.65 5.25 3.5 5.11 10.15 8.48 9.39 10.46 7.39 6.49 5.14 11.07 7.56 4.25 4.46 3.3 4.06 7.59 12.83 3.22 7.58 7.81 9.36 5.96 8.42 7.11 7.94 8.09 7.75 3.89 6.77 5.16 3.47 4.3 5.49 9.71 10.67 7.22 5.09 10.3 9.79 4.56 4.83 6.65 7.26 8.59 5.99 7.26 4.2 2.33 7.97 5.1 4.99 12.47 7.57 6.05 9.05 9.1 7.91 6.3 7.64 10.45 6.81 7.25 4.61 5.14 4.59 7.82 2.92 8.42 7.27 4.73 7.34 8.45 8.74 4.67 3.6 4.15 1.71 8.94 7.06 3.58 2.94 8.11 10.28 5.84 3.49 5.52
10.98 10.6 2.98 4.4 13.07 2.03 8.63 6.22 10.9 4.36 4.13 4.38 9.12 5.73 4.62 3.89 5.46 6.36 8.58 8.47 6.89 8.19 8.9 3.65 11.05 6.43 3.56 4.42 3.26 8.9 7.83 10.5 4.47 5.83 5.87 9.44 6.23 8.23 5.76 7.83 5.97 5.92 3.06 3.62 4.52 3.31 4.57 5.6 10.48 10.95 6.65 4.11 9.63 8.57 4.02 4.59 6.75 8.48 10.15 8.24 7.86 4.52 6.57 8.86 6.24 5.43 10.3 5.81 6.01 9.15 8.35 6.88 3.53 8.42 2.55 7.05 8.01 6.11 4.5 3.98 5.79 2.92 8.95 7.44 5.22 6.13 7.18 9.75 8.81 5.08 5.16 2.98 6.3 7.05 4.85 4.76 7.69 9.94 5.89 3.47 6.59
9.73 7.33 8.5 3.75 11.8 6.86 7.52 3.97 11.41 3.83 4.49 3.41 5.41 8.3 4.93 2.9 4.51 6.99 7.63 7.01 9.22 6.27 6.51 3.81 2.83 5 4.29 5.06 3.29 9.32 8.28 9.85 5.36 5.14 4.24 9.4 5.85 5.57 5.6 6.43 5.56 7.34 4.52 2.15 4.36 2.63 4.56 7.39 10.38 11.41 7.42 4.31 8.37 7.72 3.92 5.56 8.1 6.07 9.27 7.48 6.01 3.37 2.06 8.24 5.64 4.8 7.57 5.54 5.07 8.38 8.97 5.21 4.25 6.73 6.76 6 6.31 6.43 3.48 4.97 8.57 2.86 7.57 8.46 3.95 3.94 7.88 8.93 6.32 3.45 3.79 2.12 6.68 7.75 3.83 4.15 7.6 8.4 5.82 3.47 4.8
10.47 8.3 3.01 4.22 10.82 2.39 8.69 9.05 11.65 4.13 4.5 3.1 8.58 8.33 3.65 3.33 4.94 9.38 8.26 8.11 8.25 8.13 6.99 5.65 11.35 8.04 5.37 5.62 3.33 4.37 9.02 11.24 3.71 5.87 7.41 10.8 5.42 4.68 5.94 6.92 6.06 5.9 3.78 3.42 4.4 3.49 6.15 4.66 11.03 12.22 6.53 4.89 9.83 9.24 4.51 5.49 7.62 6.77 9.26 8.87 6.64 4.3 2.39 7.98 5.22 5.21 11.17 4.38 3.5 9.99 9.39 4.12 2.88 6.74 8.63 6.03 7.56 6.38 6.53 4.66 6.31 3.15 8.62 7.73 5.27 5.65 8.26 8.6 6.87 3.95 3.16 2.14 7.81 4.55 5.4 4.39 6.2 8.46 7.1 3.47 2.75
11.94 7.6 9.38 7.22 13.16 7.17 8.33 5.15 12.14 3.08 5.51 4.73 7.32 7.98 4.25 2.84 5.61 6.08 9.04 7.18 10.02 7.34 6.3 4.41 2.77 7.66 4.92 4.22 4.37 11.04 9.75 10.9 5.78 5.98 4.47 10.33 5.68 6.7 5.89 2.74 6.44 5.82 3.09 2.4 4.26 4.78 6.83 6.01 10.24 12.24 5 5.28 8.53 7.25 3.75 6.13 5.8 5.92 9.68 7.85 7.83 3.51 1.9 6.9 6.2 5.34 8.88 5.75 8.52 10.14 9.02 6.61 4.48 6.94 5.21 7.52 7.01 4.78 3.68 5.07 8.57 2.85 7.56 8.88 5.69 4.96 8.01 9.2 7.14 3.65 6.21 4.09 7.23 7.51 5.56 5.94 8.98 8.48 6 4.28 6.55
9.07 8.73 2.9 3.33 11.34 2.06 7.96 2.98 11.83 3.48 4.38 3.45 8.5 7.63 4.04 2.75 4.69 7.36 8.53 4.59 6.16 6.78 6.03 4.02 11.32 7.32 3.7 5.05 2.42 8.93 8.5 3.07 3.3 5.03 3.94 7.86 5.11 6.29 5.85 3.31 5.67 6.63 5.26 2.05 3.41 3.35 4.34 7.05 8.69 12.2 7.36 6.11 7.82 9.18 4.65 3.87 6.76 6.12 8.6 9.02 8.02 4.47 7.79 9.93 6.59 6 10.11 4.07 6.72 6.71 9.5 2.63 3.96 6.47 3.25 5.77 6.9 4.67 6.57 4.37 6.05 2.95 7.5 8.84 6.79 4.52 7.34 8.27 8.19 4.33 3.37 2.12 6.72 7.31 8.31 5.51 6.86 7.72 6.57 5.26 1.84
10.72 8.35 3.13 3.66 12.29 2.07 8.29 6.5 12.4 2.94 6.24 4.87 9.15 6.87 4.31 2.27 4.44 9.83 8.62 7.03 6.92 7.3 3.42 6.42 10.9 6.99 3.98 4.84 2.58 9.91 9.65 11.8 2.56 6.45 4.2 7.78 6.1 7.18 6.43 5.59 6.66 7.31 5.74 2.31 4.22 3.27 5.44 7.03 8.93 12.47 6.73 4.55 7.25 8.96 3.91 6.02 8.07 7 8.77 8.72 7.55 3.58 2.05 7.75 6.35 7 10.96 5.7 3.26 6.74 9.09 6.84 3.87 9.18 6.11 5.99 6.14 4.31 5.07 4.59 6.48 2.98 8.6 8.25 3.4 4.78 7.46 9.37 6.96 3.65 5.54 2.86 7.15 7.09 3.44 5.1 9.84 8.43 6.94 4.01 -1.69
9.93 6.36 3.72 4.39 10.79 3.65 8.35 7.41 7.93 6.19 5.3 3.24 4.87 4.55 5.38 5.25 4.67 9.58 8.12 8.07 2.47 7.38 3.79 5.75 9.8 5.63 4.89 4.85 3.25 10.47 3.88 2.71 3.21 7.7 5.98 8.99 4.98 6.39 6.12 5.53 8.16 8.09 8.33 3.24 5.19 3.65 2.75 6.3 9.46 8.51 7.98 4.53 7.02 9.56 4.57 3.48 8.43 6.11 10.16 5.23 7.24 3.69 7.98 7.98 5.29 3.94 9.68 4.56 7.19 8.27 8.95 2.73 2.65 6.44 8.96 5.85 6.82 6.05 2.57 5.21 3.99 3.73 8.72 7.87 5.99 4.06 8.2 9.4 8.23 4.21 5.61 1.67 7.05 6.8 6.58 3.99 3.39 8.77 5.17 3.46 2.2
9.79 8.66 7.38 4.18 10.4 5.78 7.23 8.33 9.16 4.18 5.3 4.93 3.35 5.41 6.42 2.71 4.65 8.06 7.92 8.28 2.98 7.98 5.15 5.54 11.14 8.13 4.09 4.45 2.21 9.11 4.95 3.08 2.61 7.14 4.22 7.45 5.86 3.44 6.25 7.99 7.65 7.53 7.88 3.48 5.74 4.62 2.98 6.5 8.45 9.53 5.95 4.32 7.89 9.37 4.3 3.59 8.32 7.09 9.64 4.86 5.48 4.11 6.12 8.84 6.97 3.96 6.95 3.51 8.88 6.31 6.61 5.83 2.76 8.38 2.46 6.59 8.8 6.32 3.49 4.73 4.15 3.93 7.95 8.49 4.78 4.26 7.49 8.44 5.37 4.58 3.76 2.1 7.56 6.62 3.94 4.24 7.27 10.43 5.06 2.74 2.52
11.12 7.24 8.57 4.12 12.19 6.54 9.33 9.05 6.38 5.25 3.96 4.26 8.72 6.49 4.02 5.24 4.46 9.18 9.31 8.67 3.59 6.79 3.95 5.37 12.23 6.56 5.82 5.66 2.2 10.95 3.39 8.83 2.49 4.33 6.51 9.73 6.18 7.12 6.21 8.16 4.66 9.03 6.31 5.09 3.87 5.34 2.57 5.52 10.03 7.6 6.33 3.88 7.26 9.73 3.64 2.73 7.55 8.29 10.18 8.9 7.97 3.34 4.84 7.58 5.54 6.96 3.77 4.58 8.62 8.9 9.88 4.08 3.79 8.08 6.54 7.42 7.93 5.71 3.33 5.06 4.41 2.95 9.11 9.03 3.2 6.56 8.03 9.39 7.43 4.14 4.66 4 7.02 7.12 3.59 4.65 8.68 9.54 4.49 5.11 4.18
10.69 7.52 6.4 5.4 12.52 5.44 9.23 6.54 6.13 4.62 3.3 4.05 3.57 7.24 4.06 3.41 4.8 7.68 10.09 6.77 2.48 7.8 2.71 4.76 2.87 4.6 4.85 5.01 2.22 9.5 3.42 5.81 2.65 5.57 8.77 7.29 5.04 5.39 6.58 6.77 5.97 6.39 6.8 2.24 4.44 5.07 3.48 3.45 8.58 7.65 6.5 4.58 8.19 10.1 4.45 3.43 7.53 6.57 9.93 7.43 6.88 4.4 2.47 7.29 5.74 3.78 7.55 5.99 8.86 7.35 9.05 2.11 2.7 8.48 3.37 6.34 6.31 3.6 4.69 5.14 6.01 3.18 8.08 8.43 3.54 5.73 7.68 8.58 4.47 3.74 3.64 3.33 7.38 5.65 3.86 4.22 9.08 8.38 6.07 3.39 2.96
4.24 7.4 4.74 3.3 8.14 3.41 7.83 6.92 5.5 6.66 5.58 3.42 3.69 5.7 6.35 6.1 4.42 4.05 6.14 6.11 6.85 7.51 3.97 5.85 7.11 5.33 7.01 5.09 3.28 6.06 3.41 2.65 5.22 6.72 4.65 7.37 5.05 5.38 5.83 4.08 7.11 7.93 7.89 2.15 6.22 7.27 2.17 7.07 8.41 6.69 7 4.82 6.18 8.52 4.68 2.32 7.65 6.06 8.87 4.66 5.46 3.29 5.8 8.17 5.31 3.76 7.88 5.56 10.33 6.57 7.56 3.07 2.75 8.32 3.11 3.91 7.1 5.47 3.46 6.41 3.5 6.13 9.17 8.04 7.65 3.8 7.93 8.81 6.53 3.66 3.56 1.66 8.75 7.32 7.68 3.89 4.26 9.2 4.9 3.28 -0.59
10.97 6.3 6.74 4.87 13.12 4.88 9.39 2.43 8.13 3.93 4.11 5.34 3.16 4.51 3.62 3.97 4.84 9.35 8.15 8.63 2.46 6.89 4.62 6.55 3.28 4.13 3.9 5.58 3.17 9.54 4.73 2.63 3.16 5.29 5.49 8.41 5.68 3.55 5.81 2.97 6.03 6.83 7.03 5.72 3.69 3.92 2.61 7.72 8.52 8.77 6.86 4.12 8.19 8.07 3.64 3.34 7.82 7.02 9.79 6.97 7.78 3.5 1.92 7.86 6.75 4.84 3.68 6.02 7.27 7.36 8.8 2.69 3.14 7.65 5.12 6.57 6.3 4.23 3.44 4.61 4.65 2.8 7.45 8.82 3.4 5.56 7.87 8.43 6.69 4.58 4.25 3.05 6.61 6.84 4.58 4.39 8.89 5.1 5.47 3.87 6.79
9.42 7.25 7.16 3.79 10.8 4.73 9.31 7.74 11.76 2.97 3.68 3.44 8.74 8.24 3.82 2.51 5.48 9.27 9.69 8.54 2.51 8.11 4.13 5.54 11.88 7.08 3.97 4.66 2.47 10.76 8.45 8.05 3.21 5.7 8.43 8.28 5.13 4.96 6.57 6.41 6.76 8.55 6.5 3.79 4.33 3.48 6.59 4.17 9.49 12 6.11 5.58 9.38 8.87 4.54 5.84 8.28 7.44 9.2 8.45 7.84 3.69 2.12 7.24 5.11 4.7 10.79 3.61 6.57 8.31 8 6.45 3.03 7.87 2.54 6.04 6.91 4.73 3.36 4.53 4.21 3.14 7.96 7.97 5.16 6.55 7.52 9.12 7.26 5.94 5.71 2.13 9.04 7.04 4.26 5.72 7.05 8.3 5.23 3.47 1.23
11.27 6.96 8.38 5.77 12.64 6.76 8.63 9.12 10.63 3.1 4.24 3.42 8.21 6.34 5.07 2.72 5.54 9.81 8.22 8.24 7.67 7.04 3.61 5.86 12.37 4.57 3.92 5.34 3.27 9.15 7.46 7.86 4.48 5.72 8.25 9.94 5.3 7.43 6.25 8.56 6.3 9.46 6.58 3.43 4.26 5.89 2.83 5.6 10.83 10.68 7.22 4.35 7.61 8.96 4.75 3.33 7.92 7.59 10.08 8.41 7.44 3.38 9.15 7.35 5.34 5.08 9.27 5.1 8.71 9.44 8.7 4.89 3.53 6.07 2.47 6.19 7.73 5.87 3 5.56 6.08 2.94 8.93 7.98 4.88 6.12 7.69 9.08 7.44 3.67 4.09 3.2 5.74 7.5 3.82 3.46 8.87 9.8 4.67 3.8 4.32
